-0.698828042 -0.715289652
-0.50011754 -0.865957558
0.775025964 0.631929457
-0.147759587 -0.989023268
0.247182623 -0.968968928
0.750555336 0.66080761
0.0963785052 0.995344758
0.976352453 -0.216184691
-0.623544395 -0.781787992
0.581142306 0.813802004
0.359358549 -0.933199584
-0.181171194 0.983451605
0.788324237 -0.615260065
-0.686858714 0.726791084
0.658860028 0.752265573
0.746420443 -0.665474653
-0.998677015 0.051420819
-0.892916918 0.45022139
0.968839288 0.247690231
0.823674798 0.567062438
-0.128043741 0.991768539
-0.983965039 0.178361446
0.221472859 0.975166559
-0.679342687 -0.733821154
-0.610668659 0.79188627
0.98609668 0.166172594
-0.50684309 -0.862038374
0.808711946 -0.58820492
-0.514330268 0.857592165
0.407301068 0.913293958
-0.778584719 -0.627539515
0.95701021 -0.290053993
-0.526182175 0.850371838
0.652553976 0.757742226
-0.49898234 0.866612196
-0.815679371 0.578504264
-0.947519362 -0.319698304
-0.692636549 -0.721286774
-0.69139725 0.722474813
-0.171982378 0.985100031
-0.134631157 0.990895748
-0.999999404 0.00106382545
0.903221428 -0.42917484
0.945451975 0.325761378
-0.106235422 0.994340956
-0.999651015 -0.0264175758
-0.73764497 -0.67518872
0.0471696481 0.998886883
0.770837605 -0.637031674
0.552463651 0.833536923
-0.838763893 -0.544495285
-0.631889582 0.775058448
0.954784989 0.297297329
0.59683615 0.802363157
0.466932178 -0.884293079
0.644547701 -0.764564097
-0.0895069763 -0.995986164
-0.906374454 -0.422475308
0.940056145 0.341019779
-0.99814564 -0.0608712845
-0.802036643 -0.597274899
0.978758752 -0.205015391
0.105777062 0.994389892
0.554081082 0.832462728
-0.903550863 -0.428480864
-0.818165302 0.57498312
0.794273555 0.607560217
0.878065109 -0.478541166
-0.553345263 0.832952023
-0.430905342 -0.902397156
-0.0983003601 -0.995156825
-0.786146522 0.618040264
-0.909945846 0.414726883
0.205027983 0.97875613
0.598177671 0.801363468
-0.862582028 -0.505917251
0.241541788 -0.970390379
-0.997644007 0.068603076
-0.912991166 0.407979339
0.378106982 0.925761878
0.698410988 -0.715696871
0.942136347 -0.335229784
0.89461112 -0.446845561
0.77616477 0.630530119
0.827195883 0.561913669
-0.315985113 0.948764086
-0.279517919 -0.960140526
0.169962883 -0.985450447
-0.181512192 -0.983388722
-0.975167513 -0.221468434
0.992685556 0.12072859
0.895639539 0.444780618
-0.831407785 -0.555662751
0.982888937 0.18419905
0.556927145 -0.83056134
-0.705152035 -0.709056199
-0.723820865 0.689987957
0.71787411 0.696172893
0.192131266 0.981369197
-0.270528227 0.96271199
-0.0679558069 -0.997688353
0.550489247 0.834842324
0.481253445 -0.87658149
0.74301368 -0.669276297
0.996552348 0.0829656348
0.753594995 0.657338917
-0.785763323 0.618527293
-0.359724581 -0.93305856
0.597011268 0.802232862
-0.762418628 0.647084117
0.993338466 -0.11523287
-0.994244218 -0.107137017
-0.213472381 0.976949096
0.450301528 0.892876565
-0.221394688 0.975184321
-0.206937581 -0.978354096
-0.256939322 -0.966427565
-0.519212127 0.854645371
-0.726568401 0.687094152
0.547717988 -0.836663067
-0.643952906 -0.765065134
0.0704401582 -0.997516036
0.997065127 -0.0765579492
0.959586084 -0.281414986
-0.0615388639 0.998104751
0.885626376 -0.464398354
-0.986463904 0.163978875
0.979596019 0.200976878
-0.0490661748 -0.998795509
-0.807868063 -0.589363337
0.451598167 -0.892221451
-0.592855453 -0.805308938
-0.0612416938 0.99812299
0.77747184 -0.628917634
-0.265939265 -0.963989735
0.634430826 0.772979617
-0.314034224 0.949411631
0.907609224 0.419815958
-0.967971623 0.251059771
-0.526884377 -0.849936962
-0.0200479925 0.999799013
0.894990444 -0.446085274
-0.964463949 -0.264214694
0.633997202 -0.773335338
0.576624572 0.817009211
-0.244695738 -0.969599903
-0.0820155218 -0.996631026
0.122780085 -0.992433906
-0.704390585 0.709812522
-0.43931216 0.898334503
0.920618117 -0.390464216
0.916239798 -0.400630325
-0.944744229 -0.32780835
-0.527535081 0.84953326
0.099910982 -0.994996369
-0.113954037 -0.993485987
-0.928677976 0.370887071
-0.667910933 -0.744241178
0.999768674 -0.0215085316
-0.853491068 -0.521107495
-0.921171486 -0.389156818
0.340828151 0.940125585
0.886943638 0.461877704
0.918163061 -0.396202743
-0.695272565 0.718746185
0.417626679 0.908618748
-0.00649921969 -0.9999789
0.768900156 -0.639368832
0.161766976 0.986828983
-0.388242245 0.921557426
0.571305275 -0.82073766
-0.594086766 0.804400921
0.83338201 -0.552697539
-0.750503898 -0.660866022
0.794703245 -0.606998086
0.871265054 -0.490812808
0.331718832 0.943378329
0.656942546 0.753940642
0.0708856061 0.997484446
0.335787237 0.941937864
0.997230351 0.0743747801
0.623283565 -0.781995893
-0.941307962 -0.337548941
-0.592818201 0.805336416
0.494077414 0.869417906
0.257316977 0.966327012
0.668538034 -0.743678033
-0.0526448451 0.998613298
-0.484453142 -0.874817193
-0.355275422 -0.934761643
-0.29961887 0.954059005
-0.612441778 -0.790515602
0.346172541 0.93817091
0.803850353 0.594831586
0.334376186 -0.942439675
0.388939261 0.921263397
0.333358675 0.942800105
0.580910921 -0.813967168
-0.772602439 0.634890079
0.888170004 -0.459514946
-0.953787327 0.300482482
0.0743632466 -0.997231245
0.940408289 -0.340047508
0.853852689 -0.520514786
0.810660958 -0.585515857
0.53845799 0.842652321
-0.995794833 -0.0916117579
0.777211249 0.629239798
-0.0120855505 0.999926984
-0.515517056 0.856879354
-0.710098982 -0.704101801
0.758495927 -0.651677847
-0.961633325 0.274338126
0.341230601 0.939979613
0.896111846 -0.443828255
0.53854233 -0.842598498
0.878157794 0.478371143
-0.730699122 0.682699621
0.952124178 0.305711538
-0.94015193 -0.340755582
0.929140687 0.369726181
0.430422485 -0.902627587
0.669609249 -0.742713571
0.988250554 -0.152842507
-0.999770582 -0.0214161295
0.862052858 -0.506818354
0.986321807 -0.164831102
-0.263159096 0.964752436
-0.542631269 -0.839971006
0.693170547 0.720773697
0.122470483 0.992472172
-0.264569819 0.964366555
0.208903 -0.977936327
-0.699275136 0.714852571
0.976579905 -0.215155214
0.869607866 -0.493742973
-0.92354852 0.383481473
-0.999523699 0.0308618192
0.229506791 -0.973307073
0.443341523 -0.896352708
-0.793525398 -0.608537078
-0.210649684 -0.977561593
-0.0120118381 0.999927878
0.698758185 -0.715358019
-0.0899635032 0.995945096
0.367619693 -0.929976225
-0.544992149 0.838441193
-0.83518064 0.549975812
0.971950233 0.235186413
-0.879726052 -0.475481004
-0.166674614 -0.986011922
-0.846888065 0.531771123
-0.257043421 0.966399848
-0.638702095 -0.769454122
0.128094837 -0.991761923
0.619025409 -0.785371006
