-0.245454401 -0.303198516
0.377206802 1.07718241
-0.733245671 -0.405517399
-0.859764516 -0.38482517
-1.12968409 1.02291393
1.26527548 1.30186617
-0.888118625 1.00327992
-0.6444996 0.511371315
0.445399374 0.970870912
0.694578528 0.0663145706
-0.033104334 1.01209319
-1.63172543 0.652020693
-1.39092052 0.687751055
3.83766007 -1.87526989
0.306996167 -0.847832143
1.33565009 -1.43342507
-0.205537185 0.84612608
-1.30064988 0.0567331128
-0.928340912 2.0795598
0.979984701 -0.0010498293
0.65626061 1.56999481
1.10248852 -0.423893124
1.22254729 -0.315942913
0.463423252 0.749538302
1.17041731 -1.79131782
-1.47644508 0.402174205
0.177266181 -1.1519196
0.865894079 -0.576557875
1.42439353 -0.878411949
1.44649208 -1.32772827
0.525693357 0.806984007
-0.13702175 2.58476233
0.399024844 -0.843546629
-0.114901192 1.13878489
0.406239599 0.114698425
0.396430343 1.1698947
-0.0222489387 1.40833008
0.483750492 1.20179439
0.417768598 -0.0714897513
-0.407930017 0.291911244
-0.587337315 -0.57753861
-0.199884117 -0.49143821
-0.285236239 -1.28170717
0.528358817 1.50111413
-0.0130452076 -0.801185191
1.54411101 -0.274189889
-0.691944599 0.72924602
-0.195142552 0.425764591
1.099576 -0.560752034
-0.466934711 0.619072795
-0.277242094 -1.23191142
-0.735415161 0.24298805
0.254783392 -0.29844442
-1.05787051 0.110449456
-0.263975233 0.81273514
-0.0182237253 -0.150467426
-1.42066646 1.58116543
2.02765632 0.0340323523
-0.624033988 0.50339365
-1.25499272 0.464410692
0.524820983 0.324320942
-0.263254464 -1.1655376
-0.582823157 0.0557415225
-0.0312462579 0.353426725
0.00528597087 0.0606229231
0.65863198 1.33423603
-0.219257787 -1.38067615
-0.334045291 0.679885149
-0.755694628 -0.205339789
1.72580385 0.000313299824
0.265443712 -0.884079039
1.28395152 -1.17346871
0.39556092 0.113065653
-0.885524631 0.547537029
0.65373534 -0.666170895
0.278098345 -0.471302658
-0.672063529 0.88425374
-1.57304513 1.16101134
-2.03979683 0.0811865851
3.34119654 0.265085787
0.370343029 1.69740629
1.19597721 -0.0213640444
1.67751801 0.902739167
-0.634352267 1.94620693
-0.527382791 0.377865374
1.41757011 -0.156284019
-0.00717887888 -0.759371817
-1.25809157 2.33324099
0.128786996 0.352823973
0.344845712 -0.355976015
-0.301790476 0.248696923
0.633492768 0.494208187
-0.0085706925 -1.95245326
0.977031827 -0.534865856
-0.804378688 0.0568165407
0.644441366 -1.15468132
0.21912536 1.25386095
-1.64032257 -0.685056031
0.118418179 0.231983334
-1.9248414 -0.505008578
-0.0969220251 -0.984634936
0.797980785 1.75642502
0.131599233 0.801460683
-2.0316391 0.411181837
-0.0702684596 -2.34905052
0.281499892 -0.890888453
0.640160084 1.72027528
-0.556741357 0.664358675
1.36277437 -1.18546212
0.465058863 -1.32847023
0.932126939 0.575561345
-0.0994843617 -0.818357289
-0.338512272 0.274230748
-0.954291105 0.0383724831
-0.622054815 0.600438356
0.105531417 -1.09489036
0.348521054 -0.914998353
1.211164 -0.388848484
-0.538098216 1.83578217
-0.395779818 -1.18156564
1.36177027 0.327668399
0.774608791 0.361189485
0.0733618513 -0.134544089
-0.405711979 0.43023023
0.278924286 -0.464018732
1.24355841 0.211057842
-0.822008848 -0.326272756
-1.0385747 0.032533817
-1.23563778 -0.402913243
0.654631138 -1.96406162
-0.357012063 -0.428257018
-1.41816223 0.870025992
-0.855838537 0.689127266
0.0220564269 0.158530042
-0.999963999 -0.489104629
0.485144377 -0.292169303
-0.428537816 -0.614021778
-1.05788982 -1.37490726
-0.714339077 -1.34492469
-1.69241083 0.511360168
0.698344231 0.130576432
-0.537202358 0.130127013
-0.924616814 -1.51376474
0.258044213 0.060039632
1.25658357 1.07650316
-1.29720211 0.397586465
-0.274008095 0.0386620127
-0.343010783 -0.27163136
-1.15488052 -0.268082231
-0.285308778 0.567118704
-0.217643037 -0.165814817
0.623929501 -0.0182455126
-0.727036774 -0.74691999
-0.511027157 0.423902988
-0.994930685 0.0983193517
-0.266840577 1.6996628
-1.33417475 0.961075068
0.500581741 -0.571130395
1.11677229 0.596809864
1.06736481 0.235747337
0.950834155 0.714276195
-0.0297495406 -2.05779839
-0.65023917 -0.0588976704
0.368097574 0.665977061
-0.0345118418 -0.324585915
-0.0131479884 -0.474647671
1.84557974 0.637245178
-2.5173707 0.438223392
-0.680245757 1.33578718
-1.3445884 -0.974099219
2.23053598 0.438914657
-0.906029999 -0.38733688
0.832470953 1.04823792
1.9664886 0.0849819705
-1.27192163 1.44903493
-0.811478496 -1.27333963
2.13412213 0.756410897
1.1361717 -0.552275181
-1.13185728 0.0515297577
0.727461755 -0.373770267
0.206987754 1.14152455
-1.65250027 -1.4426136
-1.30337405 1.106969
1.01078737 -0.274832636
1.01282799 -0.809050918
-0.964215994 1.51977396
2.33945775 -0.689761341
-1.62329459 -1.21981788
1.1038692 0.670605063
-0.172135338 0.0404937863
-0.315182179 0.450617403
0.658940136 0.53478539
1.08061123 2.42491031
-2.13714743 -0.412622273
0.0918303803 0.602844775
1.01248431 -0.928108752
-1.15524662 -1.15707481
0.314727753 0.257810444
-1.54720736 1.01554251
-2.99804854 -0.24423857
1.45101821 -1.11154199
2.88128996 -0.422624856
0.551711977 0.952734172
0.243472025 0.564443171
1.27810657 -0.000680913741
-0.760910988 0.270082533
-0.362443268 -1.29848099
1.56841969 1.06713557
-1.71155787 1.55281675
1.06871057 0.164030224
0.829211652 0.297541678
-0.579273403 -0.144211948
1.177441 -0.541958988
-1.69688976 -0.494348466
-0.255225152 -0.253998309
-0.0145743731 -0.207853749
0.0345307179 0.273916572
-0.0612703525 -0.978733003
-0.415227115 2.152982
0.572262347 -0.131375521
1.26231027 0.70023483
-0.454415351 -1.30714548
1.77256525 0.928745747
1.62009621 1.35457826
0.384858668 -0.53844732
2.8930645 -0.528635919
1.97515619 -1.46236098
0.699544132 -0.675915003
-0.707691967 0.209829599
-0.701647699 -0.557967484
0.961613595 -0.473846585
1.06145728 0.358455956
0.0820130333 0.0865013972
0.00772500271 -0.202514634
-1.6849606 1.02377152
-1.79085839 1.16404247
0.421741009 1.31696451
-1.08624148 1.87994766
1.11513829 -0.651436985
-0.518529236 -0.401963204
-0.118796103 -1.0409044
2.2839098 -0.40797326
-1.98133588 -1.03642416
0.4102768 0.905484855
0.630006492 -1.20559251
-0.47607848 -1.32703114
0.336916625 0.0635353103
-1.11614347 -0.477893829
-0.135611027 0.814726055
-0.227274582 -1.29912221
-1.27900469 2.08256173
-0.779782772 -0.542501688
0.624605119 -1.56620753
-0.197704032 0.881878436
-0.332573593 0.103579402
-0.239419803 -0.528801501
1.52742636 0.633003473
0.500883222 0.560574293
0.539409697 0.419582576
0.850027919 -1.99321735
-0.274051547 -0.48644942
-1.22259486 -1.05982745
1.3539201 0.697927117
1.27106714 -0.267059088
0.767821014 0.176536024
-0.959779084 -0.0912659839
2.16550612 -0.799806535
-1.08357596 0.55460304
-1.34433138 -1.70994639
-1.29327083 1.32289433
0.0241305996 -1.30772376
0.00945271738 -1.54818654
-0.420802027 1.07909262
-0.422870249 0.0196115524
-1.01610374 -0.240075439
0.548680961 0.251562625
-1.64067519 0.965940475
0.633751929 1.04321814
-0.600733876 -0.094650194
-0.50118202 -0.362033606
0.109240279 0.979471743
1.90752101 -0.128382459
-1.63507462 -0.921436846
2.22081137 0.702183902
0.575890243 1.18033528
-1.46984649 -0.574007928
0.376914054 -0.0157714598
-1.43088591 -0.605067551
-0.883426368 -0.0437490642
1.30924833 -1.44691181
-1.66584182 0.22537683
-1.12823844 -0.336391777
0.461154222 0.313983172
-0.697556794 -0.829290092
-1.13607967 1.444471
1.47373188 -0.348923653
0.753398955 -0.653666735
1.33889711 -0.552996635
-0.275377542 0.447860181
0.135768309 -0.178559199
-1.68387854 1.24007392
-0.516309619 1.95518541
1.1390394 -0.039503254
0.278531671 -0.45931977
0.51673615 -0.80999732
-0.830413699 -0.485895067
-0.831980288 0.355576009
-0.904169917 1.00486755
-0.472546279 -0.443436652
-0.195902571 -0.621324658
-2.57116294 -0.424374342
0.127360418 0.38871479
1.41475904 0.378007621
0.00103868311 0.6434533
0.593390942 1.68490183
1.20796704 0.381124735
1.50710702 0.156381533
1.29243219 -0.845976472
0.747237504 0.305877984
-0.238787025 0.537620306
1.76521266 0.855950713
0.709242582 -2.27961159
-0.022435708 0.0142246
-0.993938684 0.919204235
1.50873554 -0.250510037
-0.0486088656 2.89998555
-1.84911275 0.31446299
1.22538829 -1.87473965
-0.503675938 -2.00565672
0.501621127 -1.25030708
1.21322405 -0.401622355
0.502526581 -1.37167788
-0.468430936 0.476581216
-1.74923587 0.86392045
0.359871179 -0.578079283
0.538466752 0.911389768
0.345689297 0.0732306391
0.734730601 1.02325928
0.108066894 0.835154891
-0.240698144 0.642773867
0.0549414121 -0.6939044
0.358367801 -0.433780044
0.589762092 1.10656166
0.638466835 0.231121421
-1.65468311 -0.023710236
0.406558454 -0.512916028
0.141069382 -2.73099303
0.187452376 0.769313097
0.570960581 1.08039272
0.652895212 -0.813272536
0.446675837 0.114681713
0.46920529 -1.70922089
-0.399504632 -0.977560043
1.14380538 -1.95675743
-1.02962017 -0.967103124
1.56158626 0.645117998
-0.56181103 -0.1827856
-0.634291649 -0.425372183
0.759788632 -0.765360773
0.285940319 -0.200308591
-0.527076542 0.950908899
1.01425457 1.02313733
1.04596066 0.342567533
0.888672173 0.37835899
-1.26625574 1.9927578
0.396119356 1.30060673
0.55514133 0.805486321
1.64992869 0.372250944
0.67634505 -0.035855215
0.0591307133 0.27079764
0.757207572 -0.0294963755
0.291943759 -0.288244039
0.202029407 1.6261965
0.686706185 -0.310203373
-2.23254776 1.33570623
-0.886747897 -0.410733759
1.04279709 -0.261259168
-0.212830767 -0.361501515
-0.846605361 -0.348448664
0.117089406 -0.00979656819
-0.598900437 -0.0780923367
1.99943519 -0.165460646
1.06273556 0.450679481
0.448125988 1.47346008
0.242923871 0.366315007
1.9489131 1.15142977
1.23040605 -1.61343932
-0.300492525 0.210910931
0.0249056146 1.39038861
-1.4686898 0.732504964
-0.239135265 -1.90406251
1.23409843 0.343590617
0.125457853 0.495888293
-1.47671771 1.77842975
-1.22851753 -0.275553882
1.03186953 -0.616944969
1.71091104 0.0825189874
-1.87790215 0.348689646
-0.887708783 0.317221522
0.785065532 -0.256544977
-0.355671853 -0.868837416
-0.124550238 1.9635855
-0.10501387 0.948705733
-1.115291 0.519313991
-0.262045741 -1.43240023
-0.903599203 -0.212385237
-0.482449591 -1.86863911
0.255127817 -1.57902825
-0.127605304 -1.79682374
0.616458476 0.0597408116
0.741293252 -0.106952779
0.573889136 0.120106868
-0.327580035 1.21909821
-0.334243834 1.0727222
-1.76261842 0.771150291
2.24245524 0.487793088
-1.29158545 1.56522286
-0.722031474 -0.820512414
-0.273743689 -2.46010852
-1.28284967 1.31639361
0.621828735 0.34886533
-1.25932813 1.53672767
-0.634480655 1.7438463
-1.47460115 1.56428087
-0.0431508869 0.679172814
0.634001195 0.481311113
-0.625940979 -0.847218633
0.270005763 -0.670010328
1.44546521 -1.32152271
-0.028370237 1.68849599
-0.430135608 -1.73088098
0.954924405 -0.806434751
-0.305281073 -0.0498796105
0.048670195 -1.11977947
0.260776699 0.513538241
1.2187283 -0.567758858
0.546123981 -0.726421177
1.72376728 1.11875904
0.394416064 0.059164796
0.0639019012 -0.139740959
-0.125712395 -1.64175773
-0.295065522 -1.19587743
-1.11300516 -0.189470515
0.419233412 0.769824862
-1.57373321 -1.05147588
-0.978722632 0.0286279283
0.948428452 0.871284544
1.87602961 -0.630491018
1.05743086 -0.304013759
1.12833786 -0.610671163
-1.0112505 -0.402755231
-3.91711044 -1.03721082
0.709840894 -0.36460641
0.104834318 -0.795388818
0.954575777 -0.35869959
2.10974026 -1.76029015
-0.412641466 0.678976774
0.376260519 -0.230095908
0.867432177 0.221079513
-0.285943747 -0.435592115
-0.390131384 -0.175079942
-1.3635236 -0.51875788
-0.80783385 -0.610671639
-1.02173197 0.436617762
-0.17955856 0.463784665
-1.17491484 1.43197811
0.53704381 0.466393709
0.69220829 -0.0682216585
0.417745978 -0.812405646
-0.568509579 0.107971638
0.129953533 -0.831125796
0.879967988 -1.26168084
-0.703541994 -0.0368635729
1.61640263 -0.55380863
0.26173988 -0.29275164
0.323779166 1.3172189
0.818526745 0.522351086
-0.566999555 -0.419959426
0.0432720669 -0.422356457
-0.0539353862 0.00668191025
-1.36343694 -0.480672687
-1.25118697 -0.142716691
-0.47070998 1.28519273
-1.0149821 1.33108211
1.89432502 -0.593128443
-0.930817127 0.919905782
0.14147374 -0.773446023
0.249486148 0.550148964
0.668510437 -0.973897576
1.492468 0.266768724
1.9657675 -0.0592886135
-0.641620755 -1.50027514
-0.101555862 0.161801517
-0.45558688 -0.88801688
-2.11631751 -1.35829711
-1.26820791 0.214741215
-0.901007295 1.88911021
-0.745365083 0.155592591
1.97060275 0.833058715
0.478476316 1.17811131
0.698816478 -0.576628387
-0.856517255 -1.16074038
-1.43055725 -0.828787684
0.000593665871 0.0522347428
-0.276632398 1.58617985
1.1025399 -1.24675
-0.708927929 1.02776051
-0.780230105 0.372646391
-0.429176837 0.680189669
0.626006007 -1.79245138
1.21830773 0.220514402
0.615396559 -0.408414781
-0.631853104 1.62214267
-1.37037623 -0.62200141
-0.731583238 -0.278246313
-1.06203556 -2.61774731
-0.0801213905 0.667935491
-1.89853346 -0.405627042
0.365595341 0.544477284
-0.933782697 0.532695174
-1.46809244 0.0155581227
1.0156306 -0.478258491
1.02306294 -0.446608454
0.245075062 -0.650211811
0.683838129 -0.0586241148
-0.00890566781 -1.07566977
-1.49184942 0.856909335
1.67611885 -0.588917732
0.259621412 -1.61785555
-1.11709774 -0.514088333
-0.139316142 -1.00174987
-0.597347081 0.235224351
-0.413097441 1.62634683
-1.77612734 -1.82215035
1.87592697 -1.09306002
-0.443916619 0.433974475
-1.05220532 -0.114693373
-1.8859899 0.605452061
1.29812968 -0.166635156
1.13875914 -0.842929959
0.163205147 -0.360113323
-0.879907608 -0.0998751
-0.318521202 0.838197291
-1.60694718 -0.355099142
-0.761622012 0.251139581
0.293318391 -0.534224749
-0.669317126 -0.0712290108
-0.358132094 -0.96802634
1.49446034 -0.773187518
0.974456131 0.891246617
-0.108553559 0.51940769
-0.47860384 -0.960416913
-1.00675189 1.81955957
1.41626954 -0.777155578
-0.000556417159 0.128846675
0.237794802 -0.635193229
0.734493256 -0.199375898
-0.333582282 -0.44521305
0.855905235 -0.388601184
-1.33015299 -0.421931446
-0.225270107 -0.0571889244
-1.57707083 -1.8393476
-1.5483588 0.474097759
-2.17759395 1.31017292
2.04755878 0.0869462788
0.841377616 0.288524479
-0.358865708 -0.26697588
1.21444511 0.264682978
-0.461982429 0.19917801
-0.680074155 0.00981290359
0.0586591028 -0.819172263
-0.530896902 0.0753537416
0.419303924 0.881338179
-0.0956651792 0.0814398974
0.0789094865 -0.759805858
-0.708164692 -0.788950741
1.04343104 1.38037896
-0.384639442 1.10538018
1.67964017 -0.404403448
-0.0752999187 1.00963235
-0.0319039933 1.2240541
0.921729386 -1.17111826
0.0983223692 -0.525126576
0.266633779 -0.388439655
-0.933735788 -0.15358749
-0.550824761 -1.42807198
-0.614649117 -0.971893013
0.599849045 -1.95933378
1.76766312 0.00681949593
0.524198651 -0.031523373
-0.639989913 -1.7736032
0.191743791 0.726288736
0.0398890004 -0.382142067
-0.575964212 1.18857515
-0.154302567 -0.3572357
-0.107400924 1.00597012
1.63082325 -0.448694617
-0.75889653 -0.114790849
-0.991929412 -1.42141783
-0.237027422 -1.28257966
0.457661271 -1.14369059
0.246306479 1.49431479
0.120982997 0.129724264
-1.17283332 1.26966929
-1.76762795 -0.287575603
-0.560798287 -0.297810912
0.952213049 2.23941088
0.989688337 0.0759435669
0.426879257 -2.06338716
0.503088713 -1.0852915
0.521177948 -0.175050557
1.20175397 1.01894343
-1.25212824 -1.04946339
0.7061643 -0.134797111
1.2790761 0.211849883
1.11631608 -1.80899441
0.674991131 1.12236345
-1.47114885 -1.23406053
-0.104316428 0.408893049
1.34991562 0.456958026
0.350976348 0.623220325
0.247214973 1.40362656
1.96688259 -0.554953158
1.41188872 -1.27446353
-0.404399157 -0.210636631
0.987708986 1.24304712
-0.87279129 0.604453802
0.214678958 0.0963656008
0.811407983 -0.143659204
1.12056923 -0.168998942
1.04411352 -0.70161736
0.475893587 0.974092603
0.434971124 -0.0874945894
-0.410382301 1.30352736
-0.103770733 1.12204683
0.542331934 0.418453813
-0.111987598 -1.25100672
0.171483114 -1.71561587
0.624916136 -0.275241584
0.390651435 -0.0121929282
1.12232792 -0.204162285
-1.25153828 0.634663045
0.421751678 0.45934239
-0.42176944 0.349329263
0.21964401 -1.97373283
1.01944864 -0.0486525968
1.02983856 -0.388875872
0.88873136 -2.00963259
-0.512388885 0.502624691
1.78807974 -0.885993958
0.301024884 -0.502754867
0.956856549 -0.264529049
-1.31818628 1.69105828
0.443002522 1.02025867
-0.27583766 -0.375679404
-0.0353577249 -0.984514594
0.558766425 -0.693642199
-0.117528461 -0.0509549864
0.52459538 -1.99374068
0.447078347 -1.00502527
-0.673190594 0.691559255
-0.600456178 -0.0171707459
-1.17135262 -0.00475268112
-0.189115405 0.395175129
0.628071189 -0.846344292
-1.1408987 0.910824001
-0.388225138 1.45412505
-0.986637235 -0.220498443
1.20912683 -0.572458863
-0.482473522 0.875656188
0.614069581 -2.61489749
-0.473345548 -1.08366644
-0.45284602 0.388333559
-0.215001568 -0.500881016
-0.459901571 -0.840548098
0.0256519075 -1.05403244
0.290554196 1.7566154
-1.14702785 2.60290623
-1.09896219 -0.680495262
1.08175015 0.412524164
-0.393981457 1.86231482
-1.42553878 0.0976712555
0.993893981 -1.10492074
0.0606961586 0.953634977
0.311953217 -0.183232114
1.25415206 0.204957545
1.61457133 -0.651548266
-1.15257418 -0.849134743
1.07751453 1.37864113
1.77153969 -0.517552137
0.0294380691 0.0188457649
2.01280618 -0.921434522
0.184042215 -0.0662324578
0.697984636 0.337788969
1.42184019 0.989526808
-0.0553382263 -0.62298888
1.70756412 1.07655776
-1.09534752 -1.34310997
0.216312349 -2.41716528
-0.320691198 0.029403517
-0.932888448 1.4300015
-1.79459107 0.136303261
0.313099742 0.626608074
-0.774981678 -1.03570199
-1.67631948 1.4650389
0.633189023 -0.642111421
0.736671686 -1.23507237
-0.119058616 -1.27771926
-0.728303611 -0.516358137
1.01069379 -0.0443151258
0.442608953 -1.19246006
-0.161742389 -2.1091156
-0.88294816 -0.561183512
-0.682701349 0.34793058
0.782393634 0.555566788
-0.73231256 0.536447585
0.0989292413 -1.21546626
1.20999932 -0.87468344
-0.497228414 -0.0234014746
-0.434217393 0.691631496
-2.6938045 0.920781612
-0.0789687186 0.495949566
-0.25635767 2.05640054
0.356271774 -0.886033475
-0.269637167 -1.84844732
-1.78843689 0.844268799
0.312271327 -0.292732894
-0.0208047237 1.18498766
-0.104021229 1.86960351
-0.249826863 1.21935022
0.237767905 0.411518455
0.310032576 -1.04005694
1.28272045 2.11558986
0.562048078 -2.10807276
2.10336113 0.0572949201
-0.237674206 0.318696707
-0.248925164 -0.849812925
0.619076848 0.710527182
1.65046442 -1.00870395
-1.27644253 0.333477587
-1.69793248 0.276389599
1.66831625 2.07081413
-0.215318531 -0.957801938
0.391769439 1.32740617
-1.69482803 -0.51058048
-0.341553748 -0.663284719
-1.19759333 0.0961573645
-0.841965616 0.229736701
0.823586166 0.780516386
-0.0947115794 -0.28314212
-1.14394176 0.675546765
-0.666959167 -0.196381643
-0.840741754 1.5733161
0.348710626 0.337711006
-0.0324007459 1.90769172
-0.359968245 -1.06469929
0.804061651 -0.160258695
-0.158832178 0.298320413
-0.0832422227 -0.825428188
-0.45878306 0.609771907
1.0774169 1.17687166
0.270982176 1.35183406
0.408916295 -2.90131545
-2.27119231 -0.82965976
-0.10111025 -0.422943115
-1.42988515 1.08222902
-0.308036596 -0.430250823
0.983415425 0.618624985
0.15549022 -0.840836883
-0.145465463 -0.321615636
0.825551569 0.285726577
-1.88267708 0.115519322
-0.104145005 -0.526285887
-0.956314981 -1.18652034
0.787380219 -0.17769666
0.730742276 -1.10297942
1.0606724 -0.624939382
-0.735131323 -0.597086966
0.103538349 1.68215489
-0.379842162 -0.129962489
0.177619383 1.14674973
0.134802043 -1.02195394
-0.805543125 -1.13624918
0.203229308 -0.0939560756
-0.546546757 0.662589192
-0.23273167 0.17967467
-0.420651346 -0.236824706
-1.8619895 -0.40565148
1.02526033 -0.443071306
0.0746996254 -0.932479441
0.0657804236 0.271604151
0.789392829 1.70917392
-0.772054493 -1.53583336
1.27154315 -1.27235818
-0.624369144 0.260415614
-0.728122056 -0.0893600285
0.148239344 0.938948929
-1.65552402 -0.248538941
-0.241967887 -0.232269794
-0.436478525 0.267787844
-0.338985205 0.0232782699
0.143563479 0.947749257
2.53486657 -0.913267255
-0.603679299 0.467498362
-0.27537936 -0.351768225
-1.91321874 -0.0939553753
1.9107306 -0.0012932379
-0.287400305 -0.143849552
0.607151866 1.63613594
0.783230186 -0.666583776
0.0680933073 -1.30896521
-0.75437206 -1.52622259
-0.49840346 -2.16147757
0.855694592 -0.795071185
1.07543015 -0.545022905
0.600310087 0.7581864
-1.15360129 1.21033382
0.388824791 0.221833035
-0.434596509 1.15910351
0.599258065 0.463787168
-0.359578699 -0.219169766
-1.2449578 -0.40216741
-0.538818896 0.19879061
-2.0011673 -1.95077491
-0.0675254539 -1.14715505
-0.356313139 0.108962975
0.667609811 1.97396052
-1.71880722 2.39330649
-0.469996065 1.60608947
0.720842898 0.739131987
-0.826565325 -0.0485256165
-2.62915754 -0.0765100271
-3.51883459 -0.347878456
-0.359655559 0.977990866
-0.443751574 1.3116622
-1.46554458 1.71475148
2.04680943 1.31041348
-0.911962926 -0.516679049
-0.358291924 -0.501187921
0.782547951 -1.6060853
-1.33469808 0.0381735452
1.06892633 -0.0157509875
-1.05638182 0.740891337
0.967986822 0.164337829
-0.330252051 -0.890665948
0.0586347878 -0.252704382
1.35992062 -0.41103965
-0.649203181 0.636549473
-1.48378563 -0.503017008
0.173858315 -0.104120821
0.631444633 0.778230846
2.10216093 -2.77356243
0.918059587 -0.771840572
1.02957582 -0.226314515
-1.53455436 2.78595448
-1.35225916 -0.448796839
0.314410418 1.31714785
-1.43483675 0.83064276
-1.18430591 -0.403081149
1.11066473 -1.64092314
-0.0766566545 -0.801318109
2.63015413 -0.11470665
1.48953652 -0.0332484022
0.0742073506 -0.0599223711
0.648095131 0.76747781
-0.167554319 0.180717647
-0.397786111 -2.27498627
-1.06816697 -0.713646054
0.194788873 1.51125038
-0.446969479 -0.168506116
0.466160804 -0.799361289
-0.219380796 -1.08414686
-2.16972709 -0.835221469
-1.24245834 1.22550201
0.251620442 0.0643207207
1.19905758 -0.432543546
1.58754575 1.20731139
0.564496934 0.186967641
-3.37986398 0.446564078
-0.273858041 1.25007951
1.71208048 -0.623218656
0.570584297 1.03419721
0.588197708 0.406645179
0.332677603 0.575788617
-0.436055303 1.14466119
-1.22238481 -0.0454559736
-0.727845609 -0.398877352
-0.447662473 -1.61812115
0.136818334 0.0248796418
-0.144175723 -0.334110498
-0.44951731 0.358374983
-0.593640149 0.320650697
1.66854477 -0.107533388
0.861951232 -0.440618336
-1.46990013 0.280447096
-1.41750216 -0.259690344
0.737799764 -1.0282495
1.11502051 -0.730966151
0.519749284 -0.674669504
0.124498747 0.00167057535
0.0181913171 0.14840512
1.81133449 -1.66661084
0.593172193 1.69480455
0.727789283 0.731995046
-0.0783772469 1.21805489
1.79942274 0.0340599827
0.201694086 -0.40247798
-0.373282462 -0.661239803
-0.448221803 -0.617791116
1.34874308 0.484616905
-0.791752994 -0.852030098
0.202414319 0.355628371
1.96972418 0.369297504
0.208412141 0.085491918
1.20432699 -0.156428397
1.41131353 0.151908815
0.072308436 -0.30264014
0.14793472 0.691485345
-1.22590172 0.0797440186
1.36005223 0.780018389
0.0162614174 -0.361731768
1.00212359 1.59870791
0.4912875 0.423275471
-0.202250078 2.1760428
0.803281128 -0.835433662
0.586858451 2.02772045
1.07852185 -0.143304005
-0.742106378 -1.65114796
0.452335596 -0.193176985
-0.552543819 -0.873615384
0.558043957 -0.377357453
-0.718513429 -0.00136218639
0.561040998 0.502686143
-1.40474188 -0.985585511
-0.405391097 -0.691728652
0.796652734 -1.86960614
0.625911534 0.54645294
-1.1992054 -1.15171003
-0.196529493 0.349108934
-0.0870292783 -0.919493973
0.43342483 -0.574179769
-0.529964626 -0.721318007
1.79360449 0.585851669
0.572528958 -2.29921412
1.53327334 -0.495673269
0.0398191623 1.10339725
-2.07075238 -0.371905744
-2.31584454 0.971334875
0.380772501 0.664961755
-0.596158981 -0.846297801
-0.440321952 -0.829710305
-0.231908888 -0.602551639
1.84039152 -0.955494821
1.61592138 -0.131246999
-0.228781894 -0.610738218
-0.148799747 1.18040991
-0.198964447 -1.10852671
-0.187527657 -0.615673244
0.586973727 1.09644556
-0.98255527 0.61022085
1.54622793 0.400664002
-0.49846521 -0.755619884
0.359009176 -0.676141977
0.0812837631 -0.92979908
0.975560784 -0.374179512
1.36346173 -0.303319901
-0.554329455 -0.0795869231
-0.230887607 2.81502295
0.589933157 1.09079766
1.14744723 0.6181494
1.53159106 1.89293039
0.995962799 -1.45926428
-2.07505822 0.453924209
-0.328945428 -1.4384135
0.691146255 0.741568565
-0.943177283 0.853985727
1.99356318 -0.0993907526
-0.29677853 0.698511183
-1.21562397 1.49718523
-0.300959975 -0.0478678308
-1.31328273 -0.418250114
-1.02801943 -1.31575835
-0.055302199 -1.10602808
-0.523728073 -1.04014099
0.212103844 -0.174844056
-0.0251839664 -0.56049037
0.118233055 -0.180846915
-0.617651343 -0.873058319
-1.47729778 -0.0352987386
-0.62588805 -0.0840710476
0.589957774 -2.72208261
-0.703961849 0.68172282
-0.23632367 1.48181415
-0.26288414 -0.138718158
-0.560219944 -2.10453725
0.932082534 -1.02535665
0.4998146 -0.887751222
-1.05363417 1.06278229
1.61637294 0.00913643558
0.201309919 2.33860159
-0.60723573 0.331543118
1.34286642 0.700305641
1.51499164 -0.328255564
1.39140892 -1.7493248
0.276861519 -1.45813131
-0.695245147 -0.0473311022
0.647562444 -0.244183555
-1.23347354 3.61370611
-0.116055943 -0.216190785
-0.275835812 -0.390569061
0.350224078 0.805867195
0.900545478 2.11404824
0.112348966 -1.97710633
-2.14592075 0.2065036
-0.577302217 -0.660816669
1.24017763 0.978629649
1.99942875 -1.5454396
1.59048629 -0.138852984
-1.71418059 0.365204245
-0.487902343 -0.455103934
-0.219646394 -1.13390625
1.55101454 0.535502851
0.554217994 0.479914516
1.55021381 -0.568429351
-0.0533835441 -1.31649685
0.106646493 0.453836411
0.145388022 -1.31936705
-0.625593603 -0.484770685
0.718494654 1.26487851
0.671326935 0.765171528
0.13371475 -0.774072766
-0.577826977 1.35023916
0.804524958 -0.489240229
0.0871994123 1.02186835
-0.05788045 0.297311902
0.0313405991 0.998614073
-0.808993042 -0.241647422
-0.437576026 -0.824109256
-0.447618812 -0.734312296
-0.23798579 -1.56853938
0.625589848 0.551710427
-2.28224802 0.970595598
-0.487907469 0.127287447
-0.528626382 0.754699051
-1.58611691 0.0755898058
-0.767996132 1.01706541
0.375734657 1.3899194
2.06012464 1.60944307
1.45599806 -1.0201664
-0.244671211 -0.840526819
-0.0973581299 -0.791213036
1.32258546 -1.04451728
1.47569883 0.161400944
0.415180027 0.20361416
-0.26120621 -0.724477112
-0.92724216 0.40824458
0.0600284301 -1.76762033
-1.12163401 1.83808553
0.391209394 -0.972475708
0.513220191 -0.0856911018
-0.814412951 -0.800755978
-0.340476692 0.672099173
-1.18884814 1.5843358
-2.42073393 1.34818041
-1.22807682 -1.1757642
0.543207049 0.386812955
1.56677401 -1.19024074
0.473406017 -0.117866963
-1.49924767 0.159611747
1.13455927 0.659145892
-0.615601242 -0.102251373
0.321637124 -1.20124733
-0.711165249 0.851989806
1.65094388 -0.0232738052
0.306099087 0.570934474
-1.08533645 0.0688787103
-0.525778234 0.238488808
-0.31512922 0.190442964
1.90184331 0.872754157
0.36560598 -0.1083031
-1.03427255 -0.125301287
-0.593446136 -0.0407504216
-1.47225428 -0.331295431
1.0612191 0.268037438
-1.48084724 -0.819941223
1.04639268 -0.623797238
-0.363215357 0.403429806
-0.732423127 -0.181382239
1.11351109 -0.45555383
-0.711078823 0.0678110942
-0.160559744 0.902644575
-0.472276598 1.53536153
2.09636974 -1.23096609
-1.63638246 0.779126287
0.226187706 0.540890157
1.09796393 1.52667594
0.982040763 -0.189142659
-0.693654597 -0.0100070536
-0.765806437 1.78379977
0.60775125 0.549272776
-0.0923155621 1.06602395
-0.200975895 0.0743256733
0.12733604 0.552252114
-0.255897462 1.2420224
0.240716383 0.193785742
-0.690148234 0.262621433
-0.343908787 -0.104832143
-0.173900217 -1.99299383
-1.64447463 0.616633594
0.50619036 0.25178504
0.719968915 -0.650668085
-1.05769944 -0.220314533
1.79541647 0.816160917
-0.256193608 2.35179424
0.50854522 -0.247847766
-0.0889604241 -1.8838222
0.470628738 0.112945229
0.791659176 0.366117537
0.205593601 -0.489196658
1.10424352 -0.237735942
-1.79608464 0.661286771
-0.0146900453 0.28798604
-0.438907892 1.14687085
0.570167899 -1.51623785
1.25820398 0.0975604057
-0.42646575 0.0396344103
-0.577060819 0.59094733
0.395993501 -0.181999564
0.29480201 1.30573785
-0.223909095 0.17826122
2.09557581 1.20456564
-0.504428029 -0.808670759
-0.792391062 0.219066605
-0.351659507 -0.274671853
1.85655081 0.138868645
-0.0404393449 0.576519072
1.15989602 -0.250878155
-1.01519644 0.676445544
0.238004476 -1.5536468
-0.531789124 1.19297636
0.0465080217 -1.73660445
1.19861007 0.555176735
-0.647937775 -0.3021155
-0.571828663 -0.0799032152
-0.0613878891 0.224128991
0.788759589 -0.55954361
0.675914586 0.887115061
-0.27955386 -0.744795144
-0.724156082 -1.13609219
1.8568511 0.23452948
-1.22580349 1.45870018
-1.00119865 -0.0268856306
0.135887951 -0.637373328
0.322982311 -0.94478929
1.22644544 0.60243398
-1.04475749 -0.104518965
-2.01271677 -0.953428626
-1.7508049 -0.146769866
-0.677299678 0.148034513
-1.93769586 0.179835871
1.38619971 0.0478381924
2.67368913 2.26349902
-1.47146726 1.23936534
-0.434476346 0.426480442
0.0228063874 -0.132927939
0.103857554 1.45743632
-0.737388194 0.973990798
2.00809145 1.60629857
0.715512335 1.55440176
0.172744051 0.932266772
-0.401804447 1.17930472
0.638755083 -0.293922067
-0.545079291 0.801541209
-0.893028677 -0.595108032
-1.20182455 -0.851149857
-0.725816131 0.984003365
1.07095385 0.664272785
-1.40827775 0.082691133
-0.230866581 -0.351116627
-0.458948135 -1.58473718
0.0498741753 -0.527731836
0.958339155 -0.58423084
-0.0880933478 -0.825971663
0.0471073836 1.09979582
-0.0967465863 0.246792614
-1.14081788 -0.311519653
-0.88459909 0.734087348
-0.0252895523 0.917529821
-1.71920311 -0.34340328
-1.19849825 1.89636707
0.036976397 -1.86553359
-1.22216451 0.815542936
0.683161199 0.490057021
-0.731093407 -0.2221919
-0.945391655 -0.674708307
0.625403941 0.020636037
-2.32412481 -0.318055332
-0.925706267 0.992617488
0.900123656 -0.86613059
-0.119012862 -0.431680024
-1.34329474 1.51105702
-1.92378104 0.523147881
0.841843128 -0.348585635
1.53884768 0.268543959
-0.974558771 -0.568393469
0.819895267 -0.684462488
0.187580928 -0.381451458
-1.55224931 0.487919539
-1.04034543 -0.341210067
0.435497612 -1.1739527
-0.547526062 0.371987045
-0.556129873 0.751881719
0.271817595 -0.0675874501
0.336843252 0.21525687
0.487229377 0.0909324512
1.36830735 0.91192764
-0.606095731 -1.38135517
1.37681341 0.43341428
-0.0938657895 -0.0161301438
-0.387756795 0.463914186
2.58747387 2.17233348
-2.04758072 -0.71560955
1.60904598 -1.33952808
1.15945339 0.378798455
2.17963314 -0.352232814
0.653785706 -1.81175125
0.890092373 1.10438514
-1.75046754 -0.16792579
0.858535409 -0.670514703
-1.11562407 -0.612818301
0.139625177 0.912522614
-0.9876647 -0.908173561
1.36236906 -0.53711468
0.129664063 -0.366940469
-0.537871301 1.04882944
0.640505195 -0.999363363
-1.27348864 -0.306092501
0.819629014 1.48579621
2.24511194 1.81434846
-1.79565871 -0.129435033
-1.21131456 -0.978117406
-1.23788095 -0.9516294
0.674241185 -2.12731886
0.305252731 -0.453932047
0.527642965 -0.543746829
-0.784180939 -1.79983723
0.938368559 0.583893478
0.527167559 0.987934172
-0.643942058 -0.547784567
-0.628789663 -1.41401184
-0.911290586 -0.658831537
-0.387480587 0.370319843
-1.22784042 -0.677800715
0.313709736 0.692477465
0.343678594 -2.05021715
1.57535446 -1.07417214
-0.0308817066 -1.97300649
-0.287002951 1.81055319
0.190611199 1.59283018
0.168927968 -0.39026311
0.207478628 -0.163742602
-0.231416225 -1.30569208
-1.08869779 0.997741818
-1.69733346 0.468899369
-0.797901332 1.07651567
-1.15546024 -1.44171774
-0.56351918 0.932026207
-0.233529791 0.791034818
0.489218742 1.61877668
0.157624558 -0.312883735
0.563384533 0.0246469527
-1.14451218 0.994559705
0.457532734 1.89557099
0.456694603 0.322106719
-0.260699213 0.257621974
0.116311528 -0.443443686
-0.401476502 0.560612142
-0.549565673 -0.594916582
-1.12140942 0.339381099
-0.977268696 1.68868816
0.443808168 0.905905604
0.752201796 0.123851739
-0.949078441 0.449885458
0.0168054719 -1.48668814
-0.838376462 -1.02367103
2.13695431 -1.39175057
-1.14132619 -2.10452843
-0.633239448 -2.35931635
0.904987931 -0.0607842468
-0.485800594 1.92467678
-0.351856619 0.967426658
0.359074652 -0.79873234
0.323682189 -1.45616496
0.039872203 1.26301634
-0.954124212 0.279398084
-0.50196147 -1.00065374
0.00730589591 -0.666597307
-0.549499631 1.47010148
0.00220013387 0.161314279
0.105827287 -0.986174226
-0.280474305 0.865971029
-0.240015447 2.1684556
1.18683529 0.36672011
0.273605764 -0.57280463
-0.142777741 -0.415891409
-1.39848161 -1.0226357
-0.319005638 -0.215845913
0.624006808 1.70657396
0.895972967 -0.325513482
0.266494721 0.763288736
-1.2751013 0.208907649
1.6564101 -3.00450468
0.0730888098 0.760976613
0.0236728061 -0.122585177
-1.44743323 0.36500904
-0.260207176 1.59563351
-1.27820933 1.07914162
-1.96582699 0.685367405
0.483977854 -0.187794626
-0.824313104 1.86921167
-0.286215723 -0.592755556
-0.526758492 1.2400291
0.27441135 1.70960629
-2.08897424 -0.606916666
1.03450418 -1.27732372
-0.971655071 -1.91069746
-0.411562532 -1.38173938
-0.109729268 0.244319543
0.638055861 -0.610306144
-1.5452621 -1.84996963
0.959262192 -0.17020078
-0.371319443 1.29171228
-1.26943648 1.22428095
-0.433621049 0.044158604
-0.688119233 1.01157963
1.00342858 0.973277926
-0.797021627 -1.27452135
-0.223284379 -0.0367889665
-3.13557076 0.023520045
-0.704036117 0.138839439
0.592177689 -1.2167083
0.226954266 -1.01807976
-0.11497099 0.207532883
-0.0516211614 0.9355883
0.922673106 -1.37987947
1.41386616 0.820703566
-1.40157819 0.0776595101
0.675952375 0.0442142338
-0.242705077 1.3458854
0.219692633 -0.370395094
-0.671589196 0.689851105
0.569124997 -0.596183538
1.65485179 -1.01511586
0.876931489 0.108441494
-0.374310493 -0.270461261
0.790333807 -0.849403262
-0.443262696 0.000153595523
0.743848324 -0.546326399
0.319682389 -0.233415976
-0.258553952 -0.720688105
1.39617097 -1.18118799
0.564511299 0.442325741
0.697610617 1.20988441
0.101960711 0.464383394
-0.292549878 1.05467331
0.267292559 -0.286774874
1.86597061 -0.745800138
-0.694653273 1.18081927
-1.01052654 0.165637597
1.31932366 0.374947667
0.699013412 -1.37294126
-0.48350364 -1.22726452
1.55087793 1.75381362
0.591505289 0.599616468
-1.15319276 -0.230804428
-0.648569167 -0.669342041
-0.320427954 -0.930463731
0.159857973 -0.407709569
-0.642949998 0.892760038
0.661852479 0.502126157
0.111751616 1.00106454
-0.607720375 -0.868533731
0.606236458 -0.144781396
1.03280723 -1.60838091
-1.56212091 -0.415336668
0.540894926 0.969213068
0.453020483 0.617859662
-0.0801183805 0.794756293
-0.8933267 -2.23368096
-0.950595498 0.353769034
-0.760479748 -0.643714488
-0.540149987 0.820822775
-1.64735043 -1.45741951
0.679895997 1.05429709
0.57611686 0.820537984
-0.727471709 1.5611881
-0.200361967 0.181578934
1.40143871 0.441063464
-0.225130662 -0.315407097
0.669995725 1.15206611
1.62140381 0.804452658
-0.710981905 0.0304474551
0.979870856 -0.747193933
-1.7394805 -0.138294965
-1.29081726 1.17709076
-0.433547139 -0.734061241
1.54704285 -0.103816189
-0.0588271767 -1.87195492
-0.650782108 -0.641283154
-2.38887739 -0.944357932
0.62008816 0.290663213
-0.895914495 -0.357052058
-0.912692785 -1.64676201
-0.0131011931 -0.69266504
-0.213787928 -0.376209229
1.09548366 0.256185383
0.0814882368 1.2103287
-0.8007043 0.504844129
-0.328287959 0.252828419
-1.45754385 0.645112634
-0.508203447 0.172338814
0.141978666 -1.33595943
-3.24911308 0.781871319
-0.715851903 0.61922586
2.23993397 0.645335913
0.820690155 -0.492541671
0.258315772 -0.338353097
0.961923122 1.22124493
-1.28206611 -0.0399791375
-0.736213505 -0.711646497
0.628811359 0.391457111
1.07418454 -0.304314137
-0.0888454765 0.473881513
-0.415794402 0.67534399
-0.0914657563 -0.235068247
-1.04656112 -1.85992682
0.00792572647 0.560292065
-0.0185844898 1.09805048
1.66571045 -0.909703791
-0.663101733 -0.493470937
-1.44960594 -0.838829815
1.11871207 -0.46969071
-1.11976945 -0.193951979
-1.65229583 -0.678537846
1.05891478 0.0153832827
-0.945254147 -0.333468169
-0.67810303 0.253232211
1.43944907 1.2355634
-1.14019406 0.484828681
-0.908212185 1.52340412
0.918900788 0.569376349
-0.335741132 1.73935211
-0.360031515 -0.838357151
-1.33682346 -1.48926342
0.329756826 1.45852482
-1.03354096 -0.366603374
0.397505522 2.26811814
1.45022643 0.487451583
-2.54490352 1.20598316
-1.3907479 -0.425958484
-0.639783144 0.302770197
0.339606315 1.51316869
-0.122412115 -0.397451967
0.942097545 0.543816328
-0.553332031 0.220420867
-0.0610285886 0.198368832
0.899386644 -2.12617517
0.0886960402 -0.022243768
-1.02417219 0.0672521964
1.670066 -1.12829936
0.976269543 -3.49728608
-1.31774032 0.717558086
-0.792795479 -0.169309691
-2.08269072 -0.860607803
0.776878238 -0.156161979
1.16006267 0.0908888355
-0.546087503 -1.2252146
-1.84625351 0.810065508
-0.628217459 0.846579194
0.727768719 -0.542686641
0.917403102 -1.61879408
0.140838802 -0.265302479
1.68954325 -1.66405463
0.109205529 0.3763192
1.08908069 1.21383047
-0.455344766 0.371164501
-0.428512365 0.484685034
-0.241098121 0.235173032
2.05851173 1.65331805
-1.28908312 0.0554125421
0.438369542 -0.810069799
-1.4287219 -1.39109111
-0.77666688 0.353404701
0.336053491 -0.887121856
0.54704982 -2.56687689
1.59753752 0.995494723
-0.111282997 0.472098559
-1.35665369 0.340472728
1.35905898 -0.57111311
-0.596788466 -1.67234468
-2.12592077 -0.437544614
1.38757133 0.350724787
-0.0523705892 0.261113077
0.187676132 -0.260294199
0.586017668 2.16300106
0.768290222 -0.119653188
1.40093613 -0.403233975
0.318481386 0.15569745
0.137252733 1.50062525
-0.179058149 0.355774403
0.439748347 1.21072793
-1.07798767 1.27706218
0.5643574 -0.0334105305
0.42352429 1.74119043
0.519951046 1.69907844
-0.625773311 0.89968735
-1.11765635 -0.413820088
-1.23740542 -0.390214264
-0.590842068 -1.68425894
-1.06794858 -1.6169548
-1.55931866 -0.208332852
0.165216118 0.33251074
-1.65722609 0.501244485
1.55796599 -0.340020299
-0.333179295 0.625094414
-0.0999000818 -1.29946172
0.946207643 0.0300705712
-0.53518188 0.435158908
-0.805051208 0.278123856
-0.0742849261 1.39549053
1.8278873 0.78172195
-0.983209789 -0.968310118
-0.265678436 -0.0223229192
0.867108166 -1.46799076
1.44214129 -0.658093989
0.0381816961 0.12409205
0.769153178 1.17773831
0.444545984 0.203522384
0.780115366 0.939458132
-0.0805689171 1.41601634
0.847678602 -1.04260671
0.259077311 0.121350542
0.40440616 -0.119020119
-0.578625321 -0.975167334
-0.0467410795 1.73807681
-0.919305563 1.78234422
1.28670287 -0.613051295
-0.605932951 0.133862764
1.56095028 0.171031162
-0.880348682 0.580332339
-0.195671737 -0.836984158
0.384154379 0.280324876
-0.0843809396 0.175168261
0.108850114 -0.406703174
0.651620269 -1.01256645
-0.668666303 -0.454101443
0.772246003 1.79951286
0.499695301 0.0667590797
-1.29002869 0.22317034
1.00558221 -1.34263754
2.85295868 -0.773219347
1.39863026 0.829265356
0.667970538 0.304412037
0.761734426 0.904937327
0.225116283 0.720175087
0.0169980451 -0.680010617
0.61562711 -1.06787574
0.413301378 0.141391337
0.556715727 0.892158568
-1.08406174 0.550116956
-1.35473132 0.861812472
0.118157178 -0.241278902
0.574256241 -1.37736666
-1.27735782 0.535488248
-0.277061671 0.0747689381
0.436560929 -2.73841453
0.551818907 -0.637901723
-0.33383283 0.602503181
1.18114102 -1.09988558
-0.456406891 0.200113893
-1.36108208 0.173632324
-1.56654668 -0.949899077
-1.26900029 1.47210431
-1.70590746 0.262666613
-1.45473468 0.210229278
-1.10686111 -0.98974961
0.240224138 1.45848548
-2.0264411 -0.285257488
1.98952639 0.652819812
1.51644027 0.241309464
-0.829112351 -0.562407255
0.533752263 0.452958077
1.25492394 -0.657190323
-1.70455897 0.894917846
1.35867631 -1.10901082
-0.316948682 -0.560477257
-0.252967596 2.19705462
-0.719575763 0.751332521
-0.619536996 0.0599178709
-0.786439359 -0.213031873
-0.226795763 0.94349736
-3.04752874 -1.29405296
-0.136050656 -1.18201625
-1.18077052 -0.346401632
0.222694904 -0.635057688
-0.0384642147 1.19306028
-1.34529436 1.89504671
0.798997164 -0.517146885
-0.347745776 0.094596453
0.154809311 -1.31836402
0.0133580398 -0.915265858
1.34909654 0.221717209
2.0534215 0.0885032937
0.0848112479 -0.0482091084
1.04119825 0.822247684
1.00229549 -0.328751892
0.726169467 -0.528431177
-1.22490299 -1.49483657
-0.63944453 0.465764195
-0.0404714905 -0.178617984
0.861807227 1.10519373
-0.975218296 -0.046678327
-2.56151795 -0.242311612
1.07750094 1.86117482
0.752317667 1.66944361
0.38532716 -0.869545281
-0.381296486 0.0701050013
1.76869106 0.0157917067
1.05652976 -0.453548789
-0.913443029 -0.430692136
-1.6614691 -1.06822407
-0.438607246 -0.661855578
0.498666763 -0.914405823
-0.642218411 -0.566533029
0.353131294 0.890544295
-0.198945403 -1.17981803
0.984753251 -0.803895473
0.15692088 -1.1712513
-0.186382234 -2.3021338
0.38577652 -0.578702509
-0.528168976 -0.382391542
1.87333882 -0.958942473
0.804218352 -2.50180387
-0.397092879 -0.384486586
-1.43920839 0.170998096
-0.657102168 0.0730859265
0.311068892 -0.479976088
-0.729576051 0.0869321451
2.5685153 0.522189319
0.762522876 0.769685686
-1.6783601 0.119941756
-0.0232648458 0.274942249
-1.02594292 -0.00225436199
0.118194282 0.273941785
0.716724515 -1.31609869
-0.340702355 -0.710687041
0.0234167241 0.538552284
-1.39234042 0.0748140365
0.456552595 1.17509258
-0.0858606026 -1.10614109
0.0102309771 0.642593026
-1.54114997 0.298893332
0.536681831 2.89776254
0.753989995 0.226979956
-0.302597076 0.80109179
-0.418639511 0.279131204
0.306866318 -0.0717423335
0.411421299 0.622534633
-1.91969192 -0.905438721
0.370203137 -0.661628127
1.04417169 -0.415011823
-0.519166768 -0.941544712
-0.341681898 0.977560639
-0.0388256237 0.0521116853
1.20898139 0.46553275
1.32306921 -1.52341485
0.0768056512 0.409199685
0.781257272 -0.310082614
0.324796081 -0.242305726
0.200519636 1.5395987
-0.543438077 0.0725896582
0.536880136 0.578680873
-0.278627902 1.23587418
0.675216794 -0.993627071
0.638158262 -1.62970078
1.85788476 1.34257293
-0.87697494 1.62600482
0.822849512 -0.0997878462
1.67352605 0.0371001177
0.12729612 -1.60404301
-0.359805942 0.514539421
-0.272972614 -0.78755933
0.491101801 1.39189935
-1.4983077 -1.73354554
-0.0787564218 -0.397792339
-0.422501922 -0.167799622
-0.917683303 2.2258811
-0.128130883 0.408545792
-2.12198544 -1.13204122
-2.40927982 -1.22837293
0.0064835134 -0.431723952
-1.16243434 0.526089072
-0.382213056 -1.52891219
-2.4709208 1.0912354
-0.219021857 0.780766547
-0.342415065 -0.833180249
1.94751275 -0.701553047
-0.222923622 0.370172858
0.491218537 -0.00627024984
0.476546139 -0.950074732
1.01520479 0.0269129109
0.425883979 0.0721574575
0.231889486 0.114158116
1.03187048 0.964829803
0.225361705 0.61776948
0.828357875 0.258523017
0.794522107 0.661141276
1.28076744 1.02716243
-0.467204839 -0.209562987
-0.0358111635 -1.3419708
-0.67365849 -2.10022593
-1.25632858 -1.08262944
0.926953852 0.198878512
2.64223933 -0.624490917
-0.394799292 -0.246901974
-1.00522685 -0.420752048
0.326500833 -1.54680741
-0.292100936 -0.313665539
-0.269276768 -0.963873684
-0.669393361 -0.469378144
-1.05295765 -1.41880035
0.468231827 0.838246346
-0.829402328 0.701815903
1.63694477 -0.890537322
0.641852558 -0.533456981
-0.24915342 1.8786335
-0.963574469 1.03714335
1.55381 0.341085196
-1.2167064 0.173049659
0.614229381 0.436392546
-1.52048659 0.649525225
0.460207164 0.213459745
-0.674422383 -0.729735851
-0.612036228 -0.489170849
0.962120235 -0.0460653082
0.0985903144 0.0367630571
-1.2879703 0.860337138
-0.285128415 0.43505013
0.424032539 1.27510262
-0.408010393 -0.340020359
-1.66591537 0.443074167
1.32856512 -0.641332686
0.297888279 0.295926481
2.20247245 -0.494655967
-0.559838295 -0.52892369
0.247663006 -0.35965547
0.985720754 -2.96380782
0.481716365 0.314913809
-0.916635692 -1.1507467
-0.943537414 0.365415633
-0.245375365 0.263101697
-1.02777445 -1.31767547
1.46771014 1.20992923
-1.84922504 0.159605771
-0.311840415 -0.0824825168
0.595350444 0.443626404
0.571615219 0.793099523
0.0216180813 1.57946479
0.949256241 -0.890379608
-1.33513916 0.828281581
-0.631379247 -0.0434302315
-1.35948861 -1.28582013
1.7194674 -0.180381164
-1.81227612 0.256735921
-0.480769157 0.121600114
-0.46613282 0.546337843
-1.39166021 -0.257125735
0.665840864 -0.477016389
-0.35498929 -0.101928428
1.28067863 -0.03198459
0.571373224 -0.847388864
0.167020589 -0.226390064
-0.976268113 -0.177162006
1.23152494 -1.54657042
0.937188625 0.213411406
-1.06934512 -1.10121417
1.50020206 -0.934136271
0.0176056698 -0.0396976396
0.713107526 -0.554089129
-0.795975745 -0.287584752
1.01158118 1.36252749
1.75944793 0.630343378
-0.120355584 -0.381238669
-0.0168618653 0.650216937
-0.462702751 -1.34064615
0.632105947 -1.7535001
-0.531159878 1.61921728
-0.844149768 -0.392948836
-1.95458245 -0.0641415566
0.316925466 -1.01659501
0.28058356 -0.217502937
-0.493497461 -1.21600974
-1.91906905 -2.8300879
0.703084707 -0.873059988
-0.945803821 0.915874004
-1.48333955 -0.803876698
0.581759632 2.44567418
1.21075356 -1.11905205
-0.282487094 0.213164687
-0.683782399 -0.496561319
-0.0250924006 0.949840009
-0.180688739 -0.450004131
-0.462122589 -1.18943262
1.27324915 1.748469
-1.28995502 -1.55376971
-0.805316508 -0.191720814
0.519448042 -0.285267174
1.805848 0.966196775
-0.356426924 0.98678726
0.701774478 -0.146243528
-0.773654222 0.474660039
-0.225736514 -0.392905056
-1.02877164 0.0765797868
0.264419228 -0.36715886
0.420724362 0.359210581
0.425422877 -0.117002942
0.469030648 1.34673119
-0.921145797 0.0176712908
0.828068852 -0.348601878
0.749622703 -1.80177629
0.635638297 1.23983765
-0.242903143 -0.775685668
-0.208547428 -0.540603697
0.338389337 1.03215384
0.714472055 1.38477242
1.21460211 0.798728645
0.402411252 0.914716363
-0.592442453 0.270511687
1.42243803 -0.551310182
-0.85154891 0.126535505
-0.755209446 -0.264095008
2.81638026 1.02741587
-0.0342349261 -1.53127873
-0.860319734 1.04882908
1.33282161 -0.06977503
-0.197905153 -0.210255489
1.82962847 1.0798403
-0.657088757 -0.376454681
0.0611220188 0.480717272
1.45482993 0.099451527
0.0625086501 -0.740378976
-1.37630713 1.74196398
-0.183550358 0.142840803
0.297383487 0.76870501
1.64133513 0.531055391
-0.0484459437 -0.589080155
0.0697465837 0.935814679
2.40796804 -0.963213205
0.197506264 0.29721871
0.881847322 0.792117417
-0.876837254 1.00060081
1.58364487 -0.729691803
-0.220666572 1.06471872
-1.4371953 2.97338939
-1.37190461 -0.9387905
1.1454004 2.0441699
-0.124255978 -1.27299607
-1.11523759 -0.423805624
0.476326972 -0.458448946
-0.392352194 -0.25454846
0.550700784 0.293188274
-0.0784506574 0.984733284
0.040381778 0.261081398
1.1773808 -0.737085223
-0.280115932 -1.05713081
-1.12256527 1.53563583
-0.514013886 2.45262694
0.33445695 -0.115571581
-1.29022789 0.347258657
-0.364530176 1.80040395
-0.222826406 0.186599419
0.366022021 -0.0435583927
-0.896742523 -0.058643721
0.599073112 0.497845471
-1.29643452 -0.310745001
-0.504288733 -0.467337191
-0.47503677 1.73355019
-0.582185984 -1.93425727
-1.9428674 1.30067158
-1.7223146 0.670258164
1.42578888 0.0740047917
2.18290401 1.19147003
-0.396946132 0.0601381287
-0.352457523 -0.0216634683
-0.0240551233 -0.0318851024
-0.604129255 -0.766116142
0.643926859 -2.04156852
-0.630916357 0.677170813
-0.280614942 -1.29015315
-0.886229336 0.137725085
-0.205011651 -0.290944874
0.539758623 0.683618605
0.322273642 0.637772918
0.983101904 -0.0695834234
0.661118686 1.51455975
0.21394603 -1.31042051
0.11215733 -0.10078676
-1.31334054 0.216127172
-1.73961985 -0.289873511
1.35757792 1.46635497
-0.513474226 -0.242030606
0.385936797 1.37439704
-0.267639041 1.13182974
-0.0409070253 1.19508564
-0.458871096 0.504655778
-1.00127923 -0.128848895
-0.287225932 -0.03664409
1.73479557 1.32301712
-0.0759135559 -0.144595578
-0.321745217 0.885094941
0.458910823 -0.306628495
-0.211148009 0.401378006
0.285281867 -1.34193802
0.21123457 1.72261882
-1.1317395 -1.03150094
-1.72871506 -1.22904336
-1.58071387 -3.31735277
0.086108841 -0.663847566
-1.4217447 0.037711326
-0.218116999 1.13491702
-1.24931777 2.49484181
0.389040589 -1.27249134
-0.0406171046 0.565844297
1.03359914 0.868702471
-0.904412866 0.212007165
-0.890922248 0.816725433
-0.260875344 -0.582342923
0.874945223 -0.731040835
-0.442563057 1.09132767
0.792264223 -0.317453712
-0.833725214 -0.479282826
-1.26652586 -0.405627131
0.757283807 -0.338083386
1.13150322 0.380008966
2.61755276 1.29884744
0.701601148 0.0620403029
0.793167293 1.1471535
0.44072479 -0.251364887
-1.26925659 -0.270121068
0.203732327 0.0359802172
-0.476995975 0.640629351
1.00216222 -0.719149053
1.12207317 -1.66372085
-1.07322109 -0.487464041
-0.603039861 -0.900898397
0.998758018 -0.306169599
1.26729071 0.225581557
-0.961937249 -0.455904514
2.22916865 0.909106672
0.257648438 0.524184883
0.219929278 0.485802859
0.150239572 1.73805296
0.557604194 0.0223162416
-0.845606983 0.607346714
-1.17174315 2.77303433
-1.23487294 -0.0763750449
2.21820831 -1.5546242
-0.587845445 0.583431363
-0.155010819 1.37845302
0.0277387593 -0.516772687
0.359864473 2.42004561
0.234061792 -0.392608941
1.11508977 0.525875688
-0.883425713 -2.06448197
0.0745381862 -0.746136665
-0.279375553 -0.145511538
0.684571981 0.123301357
0.453740478 -1.99761975
1.52983236 -0.232803985
-0.0747400597 -1.19672906
0.279774874 -0.00206821598
0.215828046 1.47503483
0.690598905 1.8056891
0.349284589 -0.369200945
-0.204927206 2.95184851
-0.521975219 -0.393521249
-2.15207171 0.135397613
-0.690241754 1.17853045
2.11638188 0.461572081
-0.625879049 1.09307814
0.727945566 -1.44041264
1.62747467 0.131987065
-0.761404753 0.753789306
-1.70161164 -0.37881875
-0.449428767 0.285476953
0.830376089 0.46828723
-0.233759046 0.817581177
-0.720055401 1.80630207
0.252298892 -1.3847791
-0.43992269 -0.485014975
-0.242450491 -0.472860932
-1.40836549 0.529321492
1.11798155 -1.49975848
-0.0324384309 1.64046359
0.162098214 0.144289985
-0.553837478 0.616260052
-2.06716108 -0.0842057839
-0.165344879 0.177856475
0.629798055 -1.90707076
-0.949378908 1.24979794
-1.28246939 1.32117105
0.363615841 0.72862035
-0.973052084 0.202237055
0.340055764 -0.0829248354
0.61142993 2.45995092
0.344210386 -0.140285879
-0.0565446392 -0.905745029
0.163836136 -0.699037433
-0.0962699577 1.50962722
-2.57683444 -1.19022787
-0.794009686 -1.12143695
0.415776372 0.412189573
-0.952212036 1.72668052
1.18056071 0.914584577
-1.47394276 0.378376961
-0.0950799957 -0.303671658
-0.336723715 -1.58567953
0.857535064 1.50905657
-1.62886596 1.15908349
-1.66618896 -0.280061156
0.402167559 1.08433855
-0.508060396 0.82975632
-1.75028527 0.55998069
-1.40672421 1.70233762
1.4690702 0.200279906
-1.56962109 0.60335505
0.578551888 -0.0306316447
-0.599654973 -0.582890272
-0.0317383595 0.0572142862
0.611019969 -0.421259105
-0.293373793 0.248544753
1.07082403 0.947776973
0.0367523581 -0.766430378
0.508355558 0.00464540767
-1.20714259 0.770712733
-0.405855924 -1.80554223
-0.0433321111 0.872081757
0.973574698 0.000341168605
-1.11984575 1.51133192
0.602117717 -0.149286404
-0.74291569 0.344947785
0.370049864 1.1815629
0.072971724 -0.8660025
-0.874695778 -0.211098194
1.71914148 -0.229245692
1.38783228 1.68570626
-0.482959986 -0.124068856
-0.616752148 0.708913326
-0.248381883 0.683267415
-1.57745433 0.525922775
0.0767925829 -1.61340165
0.234017 -0.0968002975
2.03597188 0.589858413
0.42056185 0.765338242
-1.5639118 -0.739562392
1.31512785 1.55128288
-0.403651446 -0.583332062
-0.209854409 -0.393060505
0.267069101 -0.583786488
0.781231701 1.01524961
-0.118364513 0.571619391
0.300983071 -1.07946229
2.0795548 0.615495563
0.86187607 0.271225005
0.278925925 0.810702801
0.580070853 -0.607935309
0.261233091 -0.149684563
0.310584396 -0.798320651
0.488613456 -0.817882478
-0.610459208 -0.924909055
-0.0299146231 1.20055723
0.756021559 0.828629076
0.0939859971 0.584388196
-0.949410141 -0.907614708
1.05199313 1.50171959
0.253411412 -0.506835103
0.132185996 -0.346874207
0.30776304 1.64529514
-0.104916319 -0.792822659
0.996269107 0.761111617
1.83594823 -1.68860328
-0.293227613 0.417558908
-1.32965899 -1.10092473
-0.00870121177 -0.761409521
1.30062139 -2.16695833
-0.644817233 -0.979439676
-2.15495706 -0.480220824
-0.372450262 1.03658509
1.23105669 1.48016572
-0.152212948 0.51884532
0.537198246 -1.16609013
-0.405327052 -1.13704932
-1.47744536 0.257477254
0.724642336 -0.488032997
0.812204897 0.565335453
-0.671530306 1.01657677
0.441930503 -0.361141801
-0.0891735852 0.914173305
1.5444715 1.4836334
-1.32184029 1.03015733
0.746000767 -1.37763035
0.0520889908 -1.10421813
-0.218771771 -0.416027904
-0.372871697 -0.417942971
1.54003286 0.600964189
1.70900691 0.651333869
1.37950277 -2.37629151
1.32194078 1.07371318
-0.69498378 -0.668434203
-1.58976471 -0.309542
-1.7833339 -0.0313193314
-0.430582762 1.52666986
-0.208773762 0.641806722
1.36860228 -1.20270884
0.0673131049 -1.56766701
-0.267172217 0.809584379
-1.13103843 2.10691309
-0.10275159 0.0217750575
1.49893224 2.65825248
1.19536483 -2.1327157
-0.501707435 0.359447271
-0.0969112366 -0.648605406
-0.952425897 0.150743797
0.309406042 2.59893155
-0.438347042 -0.215713322
1.10380971 -0.816583037
-0.702088714 1.35286677
-0.370586753 -0.272571623
-0.736365199 -0.392715603
-0.708191216 -1.21066093
-1.47123969 0.643129349
1.45656872 1.49033093
-0.405502051 -0.40119803
1.59912598 1.42244661
0.697698832 0.507270932
-0.592431068 -0.379781187
-0.683557391 0.920326412
-1.3756454 0.262540579
1.01646113 0.105379589
-0.814007878 0.81622541
0.556776106 -0.542832315
-1.96993315 -0.474561751
-0.023137562 -0.966130733
-0.755943656 0.233913437
-0.685312033 -0.475387484
0.174376056 1.40883279
0.712470353 0.54253912
0.56136632 0.521108091
0.358172357 -0.238253966
-2.17885876 1.12862933
1.29696536 -1.00488889
0.119402312 1.56991386
0.127993017 -0.0123779299
0.496655852 -0.575240672
-0.0831099302 0.0104861734
0.77872628 -0.818719685
1.47491908 0.189657792
0.146916151 -0.206680879
-0.0100411056 -0.961977601
0.92641151 0.373526812
1.34226859 0.572227895
-0.497424006 -0.0585057065
-1.37567031 -0.847732008
2.15377307 -1.06972551
-0.922598124 0.556797087
0.198083267 0.103827558
-2.1441648 -0.359711647
1.04179966 -0.28815338
0.784640968 -0.22593385
1.09445512 2.10006213
0.191192135 2.19619274
-1.74430132 -1.04240382
-0.680851996 -0.408660084
0.409350336 -0.410799354
-0.120952748 -0.62126559
-1.68318546 -0.454802871
1.85784614 0.275831908
-0.633707285 1.17953789
1.60800362 -1.26460671
0.322629303 1.33461738
-0.117723331 -0.665273368
-0.293459296 1.21134984
-1.02280128 -0.00894398522
-1.47430897 0.714565873
0.278724194 -0.166946679
0.252434939 -0.782674134
-1.1658771 2.75103831
-0.48010245 -1.61615694
-1.01112199 -0.430624217
0.294235587 -1.24869168
0.0299403202 0.322180092
0.464034826 -0.175849646
-0.759245813 -1.68666494
0.589983702 -0.890446723
1.85688686 1.27009249
0.253302485 0.337211549
0.368797094 -0.592757702
-1.32862902 -0.270609289
0.484301627 0.479800642
0.0774653628 -1.18561983
-0.646082163 -0.857638061
0.569776773 1.5462333
0.756354928 -0.523181558
1.43743885 -0.376938999
-0.916981101 -1.98457551
-0.0994113907 -1.61790848
-0.0833517909 0.863954306
-1.26749671 -0.597123682
-1.19543552 -0.200485095
-0.450085819 1.48310947
0.113974646 -0.973987043
0.246059999 -1.41076171
-0.0456830002 -0.395562083
-1.13810396 -0.165497035
1.0071305 1.2611109
-0.0991267189 -0.0204106141
-0.86924696 0.710084498
3.07457757 -0.524458647
-1.36196256 -0.210701108
-1.29546773 -0.257893324
-1.0285002 -0.0829760134
0.174123988 2.15383554
-1.2182157 -0.277017653
-1.22109628 1.03645194
0.094844088 0.611024559
-0.0558476113 -0.0523618758
-0.378001183 -0.912544131
0.0847221166 0.34899658
1.11966276 -0.690929413
0.57990557 -1.12709725
-1.01450539 -0.749741852
0.305967748 1.64466894
-0.185207188 -0.650622725
-0.390088528 -1.51470602
-0.203445315 0.254969597
0.601004601 1.46642768
0.167834952 0.0220865738
0.559220672 0.580871105
-0.0270357579 0.589042902
1.33813 1.46720493
1.45386446 -2.50274086
0.903636098 1.68601429
0.722027183 0.299657285
0.295905441 0.714895904
1.09422743 -2.64262676
1.72478044 0.984656036
-0.360249192 -0.898078203
1.02972829 1.42893124
1.79305613 0.244677633
0.335045725 0.76591754
-0.190999329 2.10971689
0.483689219 -0.574657977
0.689024985 0.224830493
-1.47359109 0.685579121
0.947125852 0.237144604
-0.617270887 -0.0361595079
-0.888057828 -0.0471912399
0.627163589 -0.385682762
-0.999278426 0.328624099
0.0889399499 -0.785098135
0.797886193 -0.992500484
0.739762485 -0.905991733
1.37042058 -0.542693794
-2.18178916 0.286667228
-0.533829153 0.688419461
-0.454454899 -0.801687241
-0.511433065 2.51832318
-0.268189698 0.589421749
0.38533169 0.86089617
-0.0445477292 -1.74415958
0.857947409 -0.793636382
-0.953923821 0.684867859
0.322265536 0.265245855
0.601596713 -1.78849399
-0.515342712 -1.86545169
-0.553797901 0.0861618742
-0.162698448 -0.52619946
0.266687006 -1.24044526
-0.271433622 -0.707193494
0.659252405 1.04998302
0.105520636 0.0142237749
-0.762142479 1.23270357
-0.717047513 0.85774672
0.660221517 -0.325415611
-1.26121736 0.105655774
1.74799621 0.831511438
-0.129091024 -0.0874060541
-0.935606062 -0.564449489
-0.726464391 -0.0038654895
-1.12694919 -1.19908059
0.4112674 -2.0424571
1.28866422 -0.0850480273
-0.202371702 -0.96402663
0.721352816 -0.246237233
0.58708936 -0.708310664
-0.192897305 1.98680556
0.627945185 0.723255098
-0.740684092 -1.49821055
0.358598679 -0.803148448
-0.854351521 -0.576183796
-1.22175169 -0.104417525
-0.964972317 1.56103063
-0.504735827 -0.607723951
-1.12117255 0.0147683369
0.445042282 0.682897329
1.11840332 -1.15551531
-1.53485477 0.272127062
0.318056226 -1.980865
0.20296748 1.28419411
1.48959041 1.11652923
-0.494793147 -0.74895525
0.0170202218 -0.740127206
-1.03771973 0.61545521
0.722340941 -1.23060775
-1.10375261 -1.47676778
-3.21563745 -0.674419224
1.65365398 0.525141239
0.36795491 0.376350194
-1.36424124 -0.0523450673
-0.172976181 1.89293551
-0.69395113 1.27263665
-0.41610083 0.00798776932
0.567459047 -1.71769226
1.48339522 -0.175339147
0.746642768 0.870296419
-0.947985649 -1.68423486
1.28488731 -0.313092709
-0.450062305 -0.221435696
3.68249035 0.359598309
0.488043994 0.427403659
0.16352801 0.190878049
0.335934669 -1.13779831
-0.471096307 -0.392734796
-2.07151628 1.46710145
-0.894089699 1.64429522
-0.429574579 1.62018514
0.630990863 -0.482039541
-0.571315646 1.15853012
-1.579265 0.35987404
0.104092501 -0.35825929
-0.878302097 -0.183886707
0.0259233844 -0.554749429
0.139494926 -0.0745739415
0.0975765958 0.200112432
-0.787656784 0.839200199
1.25257719 -0.134324878
-0.951347709 -1.26082313
0.8710922 0.822916567
-0.0668014809 -0.672873676
0.0971403867 -1.03198016
1.24719179 0.829923868
-0.381736338 1.12436259
-0.586536467 -0.297801882
0.286878526 1.2363776
1.49313164 -1.00455511
-0.642453671 -0.903905571
-0.722243249 0.812983692
-0.532440484 -1.75650537
-0.219970793 -1.32985032
-0.031351991 1.99333835
-0.344692141 -1.47267771
0.579012692 0.117538713
1.11384046 -0.0941127315
-1.13122272 -1.00138819
-0.0838388428 -0.328222901
-2.08946252 -1.34296489
-1.84474778 0.469188362
0.138387904 0.488676876
-1.77969372 -1.10196888
-1.80518603 0.0483848564
1.08888423 -0.434348166
0.0757391676 -1.19682658
2.12050653 -1.44069958
1.01753235 -1.38258183
-0.138414592 -1.0059371
-0.368669897 -0.445808977
-0.766353071 0.676554084
1.69248044 -1.67907846
-2.73723745 -0.566354454
0.233020857 -0.0774107501
0.172746524 -0.699467421
-1.09443855 0.478827238
2.31583261 -0.776659131
0.0697707906 0.506850123
-1.04077315 0.556485236
-0.583611071 -0.565872252
-1.01301777 1.19478178
1.08465898 0.0842566937
-0.729360819 0.264857769
-0.198020294 0.269162059
-0.944585025 -0.841062844
-0.90135622 0.476887882
0.289178908 -0.197011471
0.522072554 0.851772666
-1.79221821 1.52730453
0.965301394 1.12322783
-1.24941456 0.151392877
-1.30626452 0.77681458
-1.58201838 -0.0414592586
0.120589167 1.56898475
0.12720038 -0.742535949
-0.611444652 -0.172385976
-0.214888036 -0.0614131205
1.04319072 -0.460357785
0.900808215 -0.341661006
-1.45608771 -0.603104532
-0.66785419 -0.244852632
-0.103749581 0.976676762
-0.132327855 -1.03511775
-0.0969377905 -1.41456151
-0.543088794 -0.181662321
1.94380832 -0.101818755
1.07687962 0.272506744
0.64906764 -0.884961843
0.0583117567 0.535731733
-1.00265968 0.826725602
-1.2420094 0.775579751
-1.72541273 -0.127771556
-1.38095593 0.239443049
-1.78963411 0.77846545
-1.20318878 -0.14209044
0.95679456 -0.823197424
0.524710953 0.172622129
-0.582751095 -1.24555707
-0.0305149034 -0.408661485
-0.652882278 -1.45173907
1.33559525 0.908178985
0.496979177 -0.0475719012
-0.573765993 2.46525669
-1.62435377 0.0516522601
-1.13050294 -0.381447464
-0.475462019 1.74638569
0.343577296 0.533957243
1.87918818 1.19188297
1.3105619 -0.717768073
2.28535581 -0.971784115
-1.37333632 0.0395545401
-0.394833982 0.784057021
1.86149991 -0.48764199
-1.0328716 -0.106469639
-1.40476096 2.02298164
1.30574954 0.253522068
-1.04253566 -1.30310261
0.917716622 -0.969347537
-0.917005539 -0.758233011
0.700161815 -0.663173258
0.030224748 1.04460633
-2.13731647 0.0829834566
-1.2125982 0.467104077
1.05297863 -0.716386855
1.36023939 0.874592423
0.547915339 1.37411201
-1.21654546 1.14937246
0.434072614 0.951111734
-3.74353051 0.186429575
-0.338783711 -2.18889213
0.429572463 0.495873362
0.0252126995 -1.35470533
-0.245214999 -0.139945015
-1.29812181 -0.17270565
-2.6798079 1.12662971
0.863837361 -1.58659959
-1.46801889 1.34795988
-1.18044126 0.372790635
-0.292293131 -0.0279889945
1.49274588 0.917702377
-0.0244028326 -0.314565599
-0.323428005 0.0147368107
0.489288211 -1.80242932
0.681570947 -0.0613968894
1.16285741 -0.0176593363
-2.2130897 0.282615572
-0.914202094 -0.567716122
-0.215105698 -0.0208722688
1.73248494 -0.470115811
1.23145831 0.593961954
0.729627848 -0.658749461
0.319512367 -1.97494662
0.0888078958 1.24503779
0.278710485 0.347837925
0.636546731 0.353605747
0.427531451 0.633171201
-0.0131447371 -0.585174382
1.18003666 1.24198031
1.03288984 0.298486978
-1.1135453 -0.111444563
-0.485776424 -0.354390323
1.18517959 0.605306923
0.0774755105 0.499932051
-0.707291663 -0.0490383618
0.730427325 -0.335344434
0.373180121 0.0706546009
-1.42991066 0.337473005
0.581500769 -1.61955786
0.235717088 -1.3277806
1.13617921 0.085096769
0.211045757 1.19042194
0.351207316 0.740892053
1.16301119 0.946382821
-1.37974286 0.798606932
-1.30530047 0.0937796608
0.375767469 -0.576265633
0.644845724 -1.3121351
-0.539325058 -1.04114413
0.86898154 -0.0682142153
0.10312932 0.139137819
0.651571691 0.669920921
-0.978953958 -0.169459045
-0.648667336 1.40630746
0.501325071 -0.103491977
-0.0769834816 0.737079084
0.0452758335 -0.69803232
-0.44774574 -0.284939528
-0.595965981 -0.311539501
-0.16633369 -0.733766139
-0.364568472 1.07394421
-1.24830961 0.1458195
0.595953465 2.44410062
0.381002903 0.997018516
0.339972138 -1.36213779
-2.30551076 0.377609879
0.184606865 -1.43575692
1.40652931 -2.17671537
-0.0988873988 -0.273454249
-0.802657664 0.368386775
-1.24462104 -1.40418458
-0.384899676 -1.02448976
0.276744127 -0.730353177
-0.956808984 0.557404399
1.43081737 1.20659792
0.378375739 0.416060805
-0.30631575 -0.954466462
-2.2217977 0.388352841
-0.839752316 1.32446933
-0.19691889 0.0252205674
-0.419899046 0.333132416
1.83244908 0.158297762
-0.0063946126 0.362424403
1.09852266 -1.87420249
-1.61844826 1.38116074
1.68799198 -0.97605437
-0.798226714 -1.77815402
-0.944193244 -0.0482408702
0.144305065 -0.197482273
2.02966499 1.25864315
-1.43226147 -1.12149346
-0.325476587 -1.74884737
0.329498619 -1.55802846
0.992597163 1.54308426
0.758861363 -0.244747534
-1.39786696 -0.196052983
0.448614299 -0.539852023
0.109043375 1.95486856
0.407728255 0.449428737
0.111479335 -0.204969004
-0.368221849 -1.02220368
-0.209297016 -0.820667982
0.662620306 -1.80027008
-1.79771221 -1.32401454
0.344521224 -1.39673793
0.352422327 -0.525208414
1.57704937 0.911809921
0.640760601 -2.03363442
0.316416293 0.497288942
-2.20247245 0.297743589
-1.0795275 0.399024338
-1.52542055 1.0810796
1.65319765 -0.0750179589
0.503747225 0.815073848
0.0498489216 0.674653828
0.544370651 -0.762581468
0.552525461 -0.335482478
1.52287281 1.10685873
-1.56040776 -0.89714098
0.771789014 -0.957647204
0.563100457 -0.493135005
0.754052758 0.18374449
-1.57497323 -1.68905914
-0.680390954 0.761737108
0.646093667 -0.0835786685
-1.11328101 -0.945628285
0.221324056 -0.806329966
-1.63147783 -1.55135024
0.648400187 1.05115366
-1.57488167 -2.73598576
1.48439205 1.3579551
0.956751347 -0.0259267855
0.0971568599 0.901450217
-1.59747696 0.495007783
0.633772492 -0.942675233
1.13298619 1.27423799
-0.230806008 -0.798891246
-0.759297669 -0.262735724
-0.613813221 -0.333163261
1.09384096 0.000421854638
0.987672031 3.08953238
0.669478178 0.717241585
-0.180359781 1.37785184
-0.268971562 0.664379299
0.0535727441 1.34904432
1.97172225 0.122930318
0.973281741 -0.143927574
-1.56671691 -1.48089647
0.56813997 -0.92454809
0.158308402 -0.11343991
1.37551868 -0.637745321
1.44413865 -0.226588517
-0.018193461 -0.085882917
-2.02347064 -0.69416827
-0.821095407 -2.38233757
0.940842867 0.124348931
0.263014346 -0.147840843
0.49038434 -0.764159858
0.410932124 -1.61669159
-0.846618712 0.169812098
0.756694138 0.384786546
0.669005692 0.341752112
1.5115943 -0.333329588
0.432517618 -0.218411729
1.12703168 1.04656315
1.9923172 -1.19736135
0.730007708 -0.118505836
0.38487637 -0.680059373
-0.441358656 -0.987186193
0.96288228 0.742189944
-1.28194976 0.262191832
-0.337257028 -2.63940525
-1.13751209 0.759715617
0.573857129 -1.40529406
1.68843961 0.0145932194
-1.82703257 1.09901118
-1.79559362 -0.288235009
-0.201202348 -1.54352498
0.308362514 1.3378036
0.380173653 0.870001972
-0.380740166 -0.165596336
0.846112311 0.816302598
-2.12203765 -0.815589905
-1.51593113 -0.460471451
-1.29403412 0.119578421
0.014676922 0.607029021
-1.23748839 0.0150897242
0.151357681 0.177002713
0.703979909 -0.65057224
-0.176563337 -0.92419064
-0.344383389 -0.831260979
0.409509391 -0.406783134
0.506598294 -2.22193599
-0.320565075 0.41063121
-1.21498978 -2.02678823
1.79573154 -0.997479558
-1.04406595 -0.592108727
-0.15918465 -0.157716706
0.0443620533 -0.24666819
1.00661492 0.442704767
-0.675769687 0.137775823
0.434658796 -0.334227353
-0.242660612 -1.15662897
1.80823386 0.964385986
0.961802006 0.582718492
-1.21735859 -0.263073802
0.729426444 0.0213592537
1.30387092 -0.180064783
1.29196668 0.0712327063
1.373173 -1.67922091
0.140013024 -0.378688395
0.317021698 -0.113113418
1.23188496 -2.03703594
0.0990160257 0.361021608
-0.288436145 0.148874745
0.0719365925 -1.32947159
-0.611997902 -2.09522676
-1.87454653 0.0751052573
1.30428231 0.290965527
-0.411983043 -0.630902469
-0.186070338 -0.938687801
-0.984985769 -0.60525775
0.95315659 -0.20936133
-0.172952846 0.465282649
-2.18475509 0.930716515
-0.225296244 -0.286631882
-0.724743903 1.41696346
-0.100916937 -0.201289937
-0.184901729 -0.689255297
2.30331588 -0.0988631323
-0.054975722 0.212615341
-0.411525667 -0.113709919
-0.882817447 0.0792885646
1.76849127 0.690593719
0.0397560149 0.480019718
-0.00365689164 -1.43424964
0.798484981 -0.20619671
-1.39765108 -0.363803834
1.53616095 -0.722845912
-0.134781182 1.05036128
-0.0160976648 -0.222586975
0.853427827 -1.89148271
1.1038928 -0.38023603
0.16139771 -0.523323894
-0.410151631 1.11263597
0.691922009 -0.11661461
-0.44415915 1.69436622
-0.978552997 0.223025784
-0.518314302 -0.132062808
-0.920327604 -1.50600564
0.706315815 -1.0150733
-0.235813767 -0.521399558
0.923553884 0.120724939
-3.02247643 1.76455307
1.41990399 0.0788338706
-0.202289596 -0.111273669
-0.737463593 1.0073384
1.12041962 -0.0124064032
-0.943560839 0.707216382
-0.350267947 -0.0811989754
0.898037374 -1.50749743
0.382809639 0.949067354
0.373789102 0.246699437
0.579458594 -1.89420068
0.785407245 1.442312
1.08310199 -2.35146284
0.253907293 -0.384379119
-0.0621775538 0.624483585
0.566049933 0.0941415578
-0.585458815 -1.62277186
0.374038696 -0.146146968
1.17821312 -0.76503545
-0.389416277 -0.0630451143
1.19572699 0.722981513
-0.0967450514 -0.396834165
2.15787125 -0.256792396
1.31008005 -0.0569366068
0.0260015987 -0.716322362
-0.637185514 -0.961566269
-0.709041178 -0.90909332
-0.617435932 -0.252000242
0.0510657541 0.537113667
0.371379942 -1.23217762
0.267024904 -0.553491831
0.202771857 2.87235737
-0.218505338 -0.120006911
0.204237372 -1.35314631
-0.338002056 2.79559851
0.0351234935 -1.53716457
0.744080901 -0.102468193
-0.0237809382 -0.0587869994
-0.251643807 -1.55066538
0.596632183 -0.630935907
0.433270663 0.66986841
0.291609228 -0.624692678
-0.0843331665 0.387898654
0.856002808 -0.0275211502
0.674094498 -0.570249379
0.883401692 -0.193353847
0.41820091 -0.355249643
-0.118439585 1.24630105
0.190712601 -1.88437259
-1.72585928 -0.304679692
0.0410715342 -0.753169715
0.924479008 0.395464659
-0.151172265 -1.59647584
0.301544845 1.42436206
-0.269864112 -1.38674176
-0.650173545 1.0168643
1.29896045 0.466645449
0.937705934 -0.497476667
-0.963875353 0.303795338
0.476833493 0.398688406
1.91987419 0.297031432
0.587534189 -0.609521568
0.0854732692 -2.00800824
0.383821666 1.6676091
0.374322176 0.796715617
-2.43599939 -0.578261793
0.444044918 -1.86420965
-1.01984549 1.71888769
-0.0443246141 -0.43107456
-1.0999285 0.134431809
0.17471157 0.264848322
-0.944748819 -0.690207183
-0.0855647177 -0.956468403
-0.277329236 0.406832665
-1.65098238 -1.21386063
-1.62732935 -1.6962533
0.147693798 0.417398542
0.244944826 2.19644237
-1.60982549 -0.931997299
0.600790858 0.425992161
-1.14964688 -1.48694742
0.537100017 2.5013659
0.0813260451 1.10527515
-0.10072507 0.426610947
-0.391783595 -1.52312613
-2.12340569 -0.464933515
0.649846494 -2.69152117
-1.01919818 0.88660872
-0.992129564 -0.141207129
-0.722643375 -1.39827526
-1.48731554 -0.344607562
1.70104146 3.0647583
0.73189503 -1.52839196
-0.789117098 -1.5220654
-1.23986757 -0.0394127779
-0.237438977 0.439595699
0.696863234 3.04495478
-0.850852847 -0.056263689
-1.02590895 0.54675436
-1.18410861 -0.530207336
0.567012906 -1.33613551
0.354182839 -1.22201204
0.165428862 -0.945168555
-1.30221605 -0.190541744
1.20305121 1.63060844
0.543865502 -1.07530725
0.110218734 -1.16951311
0.75549686 0.554320931
0.140664771 1.14355814
-0.992900252 0.458672553
0.34119156 0.755077004
-0.594568312 0.255161047
0.0727951378 1.12816155
0.418257087 2.23229742
0.877465367 0.388303071
0.0622218885 0.808628678
0.252885491 0.465034068
-0.38725853 -0.101202905
-1.81974328 1.07809961
0.720511973 0.116682306
-0.224233419 -0.535438538
-1.35059011 1.01919115
-0.157114357 0.0264050253
-0.792339385 1.27634716
-0.313856602 -1.36151958
0.893196046 -1.19696164
1.00553393 1.10218859
-1.73749959 -1.18002975
-1.92041218 1.01197636
1.574512 0.946546972
0.736356854 -0.70687139
0.988937914 0.697826684
-0.855038822 0.113888644
-0.0625868216 -0.125106916
0.632375479 2.02864432
0.462677211 -0.148742303
0.374631375 -0.823443115
-0.66833365 2.03253484
-2.90223742 -1.68355691
-0.254602224 0.463131189
-0.828320146 1.73087621
0.751865804 -1.04079604
0.296375066 -0.065311946
-0.642390072 -0.471816093
-1.30826139 -1.27993584
0.509343803 -0.794590235
-0.748838127 -0.593886018
-1.192173 0.262810171
0.543606579 -0.524409056
0.120316006 -0.120910607
0.587151527 -0.812723875
0.2440283 1.49478686
-0.0731806308 0.268029213
-1.5959425 1.28082204
-0.533639967 0.315660536
1.99069977 0.35732317
0.706439555 0.134224489
0.49425301 -0.239368632
-1.01930249 -0.491539836
1.96818876 -1.55718422
-1.2568413 -1.2432965
-1.1272105 -1.84414721
-0.879315019 0.377398759
-0.0932822675 -1.47909272
1.13198268 1.06556296
0.962652326 -1.83876264
1.1371491 0.740701973
-1.02417982 -0.694256365
0.0609648041 -0.642001688
0.351144314 -0.464703202
-0.273057193 -0.650879443
0.0639577881 -0.701329529
-0.522552609 -1.51324689
-1.83041418 -0.943726063
-0.58065021 -0.697517753
-0.826535761 0.143102601
-0.869215786 0.496744901
-1.55496466 0.385364681
-0.078114599 -0.333943605
0.358644277 1.23255229
-0.708848953 -0.523046017
0.958289444 0.801197052
-0.79410243 1.15306664
-0.589809895 0.943762302
0.509993136 0.917523503
-1.15639162 1.89866531
0.442236453 1.10917842
0.406270057 -0.244898722
0.757707477 -0.965698004
-0.850322723 -0.413914561
-1.90870738 -1.22531152
0.86738658 -1.34547079
-0.289880514 -0.902710915
1.03577936 -0.971051872
1.43762791 1.43639863
-0.852114201 -2.13186717
1.15182829 1.14279985
-0.470889747 0.191700384
0.591893971 0.272396535
-0.71364814 0.919770002
-1.05068564 0.355184227
-0.0755006894 -0.763704598
-0.47403276 -1.16595519
-2.50588679 -0.276446939
0.951098919 -0.42186752
-0.304873168 -0.372072577
1.38842416 1.13237894
-0.501142204 -1.30601656
-0.141699404 1.07920158
-0.612542391 0.262595922
0.922322392 -1.78130257
-0.749447584 -0.539599657
0.574408233 -0.147751287
-0.64495033 0.588681519
-1.19937694 0.434886366
2.20010066 0.518077254
-0.123592868 -0.437192768
0.167087808 0.173173025
0.18656753 0.58709836
1.94018257 -0.453793287
-0.230742455 -1.40751302
-1.71848047 1.27743506
0.0168380458 1.41595113
0.545584202 0.397588849
0.133691296 1.09557736
-0.233765259 0.314884067
-0.732604623 1.32984388
-1.40290797 -0.989091992
0.0918502212 -0.871693552
-0.743297815 -0.406135201
2.58576965 -1.40883017
0.423124403 -0.245914266
0.706271231 0.181412876
-0.203100204 -0.989253759
0.455450088 -1.10094404
0.0520865507 -0.17975539
-0.681401372 -0.788219094
0.445210516 1.50066245
-0.357597649 0.261344612
0.119912848 -1.76216865
0.609652877 -0.629312873
1.4017446 -1.73856294
0.00510204211 -0.58793956
0.265334725 0.558530271
0.422077566 0.440426409
0.102399901 1.92953992
3.45246959 -0.868976712
-0.673237801 0.0433993377
-0.868248165 -1.11299741
-0.134423375 0.286653012
1.98582971 0.765147507
-1.53191316 0.589437604
0.715389311 -1.02007115
-1.11205328 -1.73814332
1.97828209 0.214880019
-0.982119024 -1.3706938
0.644539297 1.54672039
-0.19902274 0.858635902
-1.28497028 -0.820242107
-0.257990718 -0.749845207
1.39392185 1.41207504
-0.411046058 -1.09396255
-1.66074836 -0.701788247
0.709058106 1.52583754
-0.218039215 0.970295727
0.852801263 0.0824874938
-3.05162716 -0.463712007
-1.99678183 0.149329394
0.420469314 -0.545045853
-1.11837864 -0.330815613
1.05640233 -0.558128119
2.3203907 -0.979878366
-0.0443294086 -0.898345947
-0.21033828 -0.649495423
-1.04878163 0.189135283
-0.647076964 -0.855619729
0.635647237 1.37835479
0.351029217 0.324990958
1.199893 -0.434894502
0.455184042 -0.549398959
-0.661044121 0.639677286
-1.4635092 0.636403084
-2.61986804 -0.0333087519
2.15406609 2.11268044
-0.285300612 1.31904173
1.86992121 -1.32644522
0.209714785 1.02946031
1.51723945 0.200351164
0.515929997 0.499820381
-0.294977188 -0.109805271
1.17761409 -0.382837415
0.662212908 0.887872219
-0.33021906 0.878076553
1.39374292 2.13930678
0.162071392 -0.265592128
-1.81735516 0.224914253
1.58519459 -0.845821142
-0.279374242 0.408149034
-0.298272461 0.472077787
0.110400453 -0.0551215596
0.563095272 0.639125884
-2.42062068 0.689398825
0.337747484 -0.854704738
-0.946131349 0.54122144
-0.0244029108 0.784664154
-1.75955021 -0.13595435
-1.3441186 -1.19251394
0.483180642 0.787581801
1.75338137 0.687815726
-0.169082001 -1.48315549
-1.01910198 0.182503328
-0.00713311043 1.80992079
-0.290424913 0.51522094
-0.823461354 1.66571915
-1.98122466 0.366796851
-1.01238573 0.645950913
-0.527263641 0.0106205838
-0.780354261 0.495239884
1.7225697 1.59066033
0.65983367 -0.067610167
-0.48973617 0.0306629688
1.10515821 -0.377193809
-0.294409037 -0.672655761
2.77275896 1.06835628
-1.53174508 -0.95545131
1.57590151 2.15527558
0.83652842 -0.59178865
-0.971512616 -1.21871197
-1.35462821 0.118650198
0.388607323 -0.420303524
-0.521493614 -0.392508924
-1.58108699 -0.996583343
0.663134813 1.94959235
-2.26923561 -0.49588114
0.495007873 0.127236724
-0.697633028 0.0683733672
1.22948134 -0.69761163
-0.395422131 -0.276331812
0.727577567 -0.875858426
1.0155884 0.729163349
-0.310818225 -0.117817424
0.130458936 0.143627346
-0.823123634 -1.67328262
-0.269770801 1.84237373
-0.448939621 0.135972843
-1.94156122 -1.83692813
2.07682061 -0.736892164
0.122600086 0.605230391
-1.08372223 -0.762962759
-0.824463904 -0.621173143
0.02787745 0.351121396
-1.81057119 -0.0948061123
0.184875414 1.36146832
0.21851261 0.747839689
0.530226588 -1.49031007
-0.142067 1.36392295
-1.23304367 -1.04418123
0.462216258 -0.986474037
0.792825103 -0.273991555
-2.753088 0.312961459
0.708949327 -0.6393134
-1.91699505 -2.75481081
-1.16706777 0.315047145
-1.76915956 0.777182639
1.56582129 0.481596559
-0.243778065 -0.94066906
0.253608704 1.32152367
-0.784141481 -0.00642306823
1.48155177 2.89687896
-0.196257755 0.854396164
0.184859723 0.22738643
0.686739445 -0.220185459
-0.0337443352 2.14270186
-0.9196769 -0.0785734206
-1.10993791 -0.519893229
0.228178993 -0.00469232397
0.232482851 0.969071031
-1.22393358 0.544788897
2.52677512 0.130576342
0.462866873 0.595021069
0.0800172687 -1.67636645
2.05575418 -1.63652575
-0.201707959 0.183267489
0.344282836 0.737598717
1.79711974 0.064786531
-0.216706157 -0.112488016
0.619170725 0.599362433
-1.58989525 -0.428027689
0.275437146 -0.0477685705
0.000347001827 0.868975461
-1.14001656 -0.664615214
0.813517809 1.27580857
0.281328261 -0.756720185
1.42575181 -2.0879972
0.958902299 1.37402964
-0.198184222 0.134564355
-0.754897416 1.87523746
-2.68529844 -0.349865556
0.960258543 0.467044473
1.25702107 1.33511293
0.339202881 0.825427532
1.53928566 0.903043747
-1.57602072 1.44413626
1.25702202 1.59104228
1.72964144 0.876360476
1.95848441 1.96109664
-0.950846612 -1.73202586
-0.260893643 0.0806185529
-2.37862277 -1.06718183
1.8840698 -2.06453872
0.104933448 -0.576936841
0.675632477 0.0758282393
0.674199581 0.707286656
-0.0677766725 1.33556902
2.75270796 1.8434118
-0.190615505 0.245719388
0.792161047 0.406625003
0.606849611 0.113896802
0.850780427 2.00316501
-0.580767453 0.638526082
-1.24109459 -0.876772285
1.08606243 -2.86086679
0.930021107 1.84118807
-0.542833507 -1.57700217
0.196410194 -2.32142091
-0.357171237 -1.10899234
0.355678678 -0.571457088
-1.81551409 1.28218603
-0.193821982 -0.192193702
-0.578292966 -1.1934669
-0.495174944 1.02133191
-0.776240408 -0.551537991
-0.748546958 -2.40241599
-0.630207241 -0.682594478
-0.455552548 -1.40903008
-0.410250217 -0.304878682
-1.21237767 -0.00820431951
-0.784805298 0.690450072
0.157808125 1.39647758
1.47406197 0.511413872
-0.279886007 -0.431179732
-0.162697226 0.504182339
0.382591337 -0.764965236
-0.947383165 -1.47655082
1.05068374 1.04255068
-0.606487691 -0.129502237
0.982334077 -0.963530838
-1.63555372 -2.54125547
-1.05537081 -0.543430448
1.83337009 -1.61032188
-0.427911162 1.18133509
0.089707002 2.09356856
0.519330323 -0.846468329
0.553277194 -1.61715043
-0.48289302 -1.17979074
-2.54798508 -0.393415093
-0.099476397 0.739100218
-0.652894855 -0.957647324
-0.897859335 -0.655724347
0.28715682 0.288983673
1.57711506 1.30123961
-1.12688601 0.33340162
-0.670202076 -0.705045998
0.0535988323 -0.677578092
-0.909391522 1.09662735
-0.161453068 0.331163615
1.61608374 -0.601245642
3.02210879 1.70768464
-0.159106389 0.587380946
-1.21058297 1.18682456
1.05707121 -0.998903334
-0.914794743 -1.25958991
1.70181644 -0.127158895
-1.3311398 0.0956338942
-0.859404027 1.55652058
2.49327826 1.19522822
-0.232171446 -0.245959893
0.737990081 2.52231622
2.21676373 -0.169019371
0.0597509071 -0.842339456
-0.400512993 -1.59315765
0.737405956 -0.285630107
-0.446396768 -0.580880344
-0.329649508 0.876538277
-0.341227829 0.180861995
0.921250463 1.79038632
0.675569534 0.835106254
2.12804937 1.20167279
0.696059406 0.655190885
-0.647242665 1.78662205
-0.726122856 1.21468091
2.28383541 -0.244980901
1.03545606 -0.621823967
-0.254933029 -0.334852189
-0.484567851 -0.399398506
1.22732389 -1.05968261
0.679412544 0.0079361368
-0.752062082 2.47894049
-1.88339233 1.62662852
1.18851626 0.842295408
-0.763969004 0.681352437
1.25259304 -1.63011909
-0.026588887 -0.604892313
-1.8101244 0.249593034
-2.57480741 0.103580505
-1.13848794 1.11409307
-0.0383068472 1.04360783
-0.286282957 1.24592042
-0.267554462 0.536203563
-0.426866114 -0.88953197
-1.19484317 0.618054807
0.760457277 -0.173271611
-1.05821228 1.60253251
-0.196454912 -1.60621738
0.633152604 -2.03860807
1.10219443 1.04705584
2.31996179 1.16055834
-0.967792928 -0.526136279
-0.386653036 0.662416279
1.67005301 0.792331398
-0.665385962 0.0341619179
1.17600167 0.440467
-1.64641988 0.890734434
-1.32034445 1.3247236
-1.28192437 0.367240101
-0.407606244 -1.21070611
0.70650655 -0.677989602
1.24537933 0.147663966
0.00267541711 -1.8962723
-1.66245043 -0.64140743
-0.401658982 -1.0249691
-0.461816669 -0.162864074
1.02894139 0.22391966
-0.723022938 1.09408462
0.384299994 0.426755548
-0.25812003 0.311582386
-0.218975514 -0.341368526
0.494747669 0.538689017
-0.713411808 0.76753062
0.87468338 0.0382429063
-1.65719879 -0.463611037
0.495854646 -2.11424637
-1.17979503 -0.509004772
-0.213681519 -1.25836122
1.28703785 0.148038939
-0.775383711 -1.20770073
0.458986998 0.122068502
0.760879934 -1.07467282
-1.48481011 -1.21296847
0.676500559 -0.742659926
-1.37460685 -1.53161299
-0.0926540196 -1.18062675
0.23663561 -1.44173312
-1.49595904 0.685409844
0.319351941 -0.676672757
0.474986374 -0.473349363
2.59884024 1.292853
1.85978448 -0.507138789
0.776287973 -1.42338419
0.815294802 -2.15049791
-0.485146791 0.153438628
-0.873439431 -0.54121089
1.34474218 1.03756261
0.324327052 -0.364933193
-1.15327144 0.972971082
-0.854647338 -0.741134584
1.19212461 1.42402947
-0.634888947 -0.725129664
-0.85416609 0.420576334
0.996492803 0.902359366
1.24862337 1.31739593
-0.963290811 0.961797059
0.534100294 -0.930998147
-0.930738568 -2.87831354
-0.399185658 0.0379292294
-1.34017777 0.905995965
-0.763122857 -0.16055806
1.47801948 0.680831254
-0.108745463 -0.353498727
1.26283741 -0.384190351
-1.57647789 -0.837057829
-0.470419794 -2.10944819
0.253632277 -0.415222049
-0.644053221 1.41090667
0.135397553 -0.0449578874
1.51463509 0.791965902
-0.289049357 -1.08570921
0.608553112 1.19862068
1.0902673 -1.9484601
-2.11248398 -1.47234237
-0.984283745 -0.710161686
0.0730945021 -1.73225188
2.01561475 1.74706864
1.89977407 2.81126237
0.939268053 0.00824626442
1.91310501 -0.770854652
-0.37103337 -0.871803999
0.800361633 0.434157521
0.0171239339 0.216583848
-1.24912536 0.459392756
0.613065481 -0.0823616236
0.877546906 0.266788334
-1.70200694 -1.57196772
-1.66191995 -0.295288295
-0.161382303 -0.231931269
1.86256778 -2.42971206
0.626047254 1.0620867
-0.215939879 -1.56746209
0.72405684 -0.92109102
-0.745720446 -1.22296774
-0.73060286 -0.413835227
0.176831797 -0.327397704
-0.784701586 -1.34674907
-0.849709868 0.920997739
0.0163384806 0.238609657
0.342480153 0.505617559
-0.121068202 -1.0146172
1.14217865 -0.407431364
1.52279782 1.19618583
0.409639716 -1.13697231
1.5592984 -0.547281206
0.24619934 1.78724372
0.89348793 -0.146752819
0.787685394 1.08996201
-0.962216318 0.626197994
-0.694885314 0.696929038
0.843598604 -0.418200523
0.610187471 1.79156375
-0.0253230575 0.840283394
-0.146270603 0.113824874
0.825945735 0.311532021
0.244846076 0.630005479
-0.297401577 1.26783741
0.526645422 -0.545735478
1.27075827 0.728313267
-2.40721989 0.788448334
0.00152136944 -2.02634001
-1.13587391 1.12933743
0.877212882 1.18186951
0.417280048 0.687472105
0.979848027 -0.970658302
0.454481542 -1.79098725
1.12297308 -1.05175936
0.276900291 -0.293246895
-0.323827267 -0.807984412
-1.06823015 0.500471115
0.634614587 0.461744189
-0.141306847 1.82135594
-0.824769974 -0.00637345482
0.226184145 0.0999000818
-0.341252595 -0.287687361
-1.96103418 2.65963888
1.39621258 -0.501054645
-0.0192301031 -0.759186864
-0.776474774 0.32265389
-1.75170076 -0.266132087
0.396095276 -0.0256432611
0.746809006 0.910441875
-0.327728361 0.494505048
0.479483455 -0.462380677
-0.687405825 0.809323013
0.49089697 -0.513757288
0.462562203 -0.0638654307
0.270847261 1.89196765
0.0582683347 -0.253082901
0.401588947 -1.18262625
0.409083486 -0.100771345
-1.72779822 -0.564847887
-0.906195462 -0.126161858
-0.646671951 -1.05523479
0.232018441 1.66496897
0.750917792 0.233510286
-0.735137939 -2.59616494
0.802366018 0.457410932
-0.122912541 -1.03073299
-0.644760907 -0.355633855
-1.12033629 -0.497485399
-1.06762075 0.232645929
-1.01397264 1.41041887
0.22081013 1.31091189
-0.449165046 0.345504791
-1.31854331 -0.9949103
-0.752045095 1.29782259
-2.14304352 0.157446548
-0.770163655 0.043528147
-1.11973369 0.030892143
-0.367471784 0.830805838
0.623937845 0.296957314
0.172821492 -0.961383641
0.208985209 1.41928422
0.863190413 0.142802149
-0.100267462 -1.92046571
-0.445361525 1.57674682
2.10831952 1.52420056
-0.147079021 -1.32029545
1.80479813 -1.13040996
0.120252967 -1.28632534
0.127463758 0.684027016
-1.24965167 -0.0503584221
-0.3437168 -0.337087691
0.890856683 -0.385730296
1.19085956 -0.450551778
-0.448521823 -0.377355427
0.132451311 -0.208620116
-0.267987549 -0.29533419
-0.0816182494 -0.342706382
-1.43552768 0.069995679
0.397610605 1.9632808
-1.67016971 -2.07048392
-1.24164057 -1.97374761
-0.949782193 0.483419836
1.17471182 0.279034168
-0.464118719 0.145707488
2.82000065 0.689333022
0.394343138 0.253540754
0.64503938 1.08667493
0.314868808 -0.582405269
0.381317407 -1.30315232
-0.400375932 0.467211545
1.2006799 0.787491083
0.544270039 0.791446805
-0.260884076 0.95543474
0.547019839 -1.88706923
0.288477033 -0.260177583
-0.196806222 -0.414458662
0.425939292 -0.649299085
1.01702332 -0.531889379
-0.15075098 1.02289605
-1.9140681 0.628108084
1.07857573 0.947202504
0.506946385 0.406142592
-0.44498536 -1.09118259
-0.3989048 1.08587837
0.11738883 -0.200267196
-0.471018314 -1.15408909
0.0857876688 0.341522187
-0.273184955 1.4457227
-2.19317913 0.7945382
-0.448520809 -1.05277205
-0.279564112 -1.11265147
1.02361715 -1.37794173
-0.311361343 1.23589468
-0.0911053345 0.670021713
0.631782055 -0.1091175
0.262511849 -0.966843128
-0.929461896 -0.373865694
0.572924852 -0.293797255
-0.953459322 -0.00326794269
-0.883511186 0.995559573
0.522279024 -0.918943167
2.12559819 -1.61691058
2.40801287 -1.58460152
1.97305489 -0.251731098
0.651118755 -0.873720467
-1.66614997 -1.1402564
-0.368041664 -0.650607049
-0.993915975 0.18612422
-0.757163346 -0.676739097
-0.424727291 -0.78611052
-0.0213238746 1.07885611
-1.52837002 -0.00973460171
0.0626687035 0.0724254772
0.230189681 -0.670174778
0.70970726 0.804600298
2.00470519 -0.825168729
1.39390326 -1.72907507
0.628178537 -0.482232094
-0.558555961 -0.509501576
1.88277972 0.512649655
0.467834949 -0.219644561
-2.68492723 -0.132716179
-1.558864 -0.757588029
-0.405097723 -0.447163016
-1.11048067 0.200076938
0.518635273 -0.21122095
1.61871648 1.13592303
1.47437048 1.12102354
-2.2093699 -0.958513379
-0.840082705 -1.83767223
1.41727614 -0.307179511
0.0375800207 0.331683934
-1.29899609 0.659348845
-0.786939859 -1.42648959
0.673265696 -0.728692532
0.656410635 -1.07937825
-0.687593997 0.042291414
-0.946656168 0.101524264
0.415319353 0.229868636
1.13708723 1.11816394
0.085092552 -0.568466485
1.33962095 0.88199991
0.635115147 0.356101662
0.747478902 -0.126818269
-1.16598833 -0.103747115
0.0879205242 2.66774464
-1.80408466 -0.22922942
-0.768068314 0.369856983
0.188200906 -0.709488392
-0.553652227 0.142086729
-0.802540421 -0.117752813
1.45046604 -0.750176013
1.72526228 -1.14862239
0.853365719 -0.40424484
-1.54710948 -0.427742481
-1.28490937 0.0719510913
0.171716183 0.6771788
0.854730189 0.38515684
0.933347166 1.97546887
0.219402403 -0.577172399
-1.28897715 -0.690285087
-0.945525408 2.47683835
-0.221146971 -0.921514809
0.168992743 1.42835593
0.856432557 -1.73673022
0.605155349 -0.357045084
0.281989545 -0.527482271
0.657336593 -0.921006501
1.42117667 -0.681406319
-0.870925128 -1.99918461
-0.591194391 -0.544160962
-0.0306903869 -1.83391964
-0.498970747 1.07901299
-0.16236487 -0.54023999
-1.38245416 0.758867264
-0.52156651 -0.0609861948
1.68567407 -0.566206098
1.05897248 0.437420845
1.37599349 1.92780018
1.28193307 2.29164863
1.47173905 -0.0314664021
-0.706779718 -0.649628997
1.58411217 0.167045072
0.024225492 1.38216734
-0.64981693 -0.0190460645
0.707280576 1.68364418
0.826334119 -1.22463822
-0.601335168 -0.0532916933
2.12870169 -0.100729764
-1.55411017 0.786884367
1.16410017 -1.06886363
-1.57537496 -0.0422626585
-0.922910988 0.351557195
1.02193248 -0.845491409
-1.12478113 0.753892601
-1.01956868 0.515416861
1.71438384 -0.0671203062
1.04389536 -1.24793208
-1.0876193 1.01474774
-0.606275737 -1.44880354
1.0713408 1.6561718
-0.392934859 0.448839217
0.799586713 -1.85787356
1.08932531 -0.611287534
0.148758531 -2.10392213
1.11626148 -0.161830947
-1.26159179 -0.94319284
-0.76504612 -1.38751614
-0.248977289 0.297542632
0.491716415 -0.220909223
1.12783098 0.934940159
-0.101996221 0.328917325
1.11027646 -0.21950841
-0.34141627 0.0128494222
-0.235339254 -0.814065814
-0.204116642 0.379299343
0.215168178 -0.721818149
1.49792194 0.33695516
-1.82845736 -1.69726288
0.0642871857 0.244517952
-0.896019161 0.765609324
0.498107195 0.826061845
1.86801553 -2.73753953
-0.487692446 0.223900869
-0.0690482631 -0.276418835
-1.64154017 -0.823099136
-0.888181388 -0.381326467
0.219127268 -0.624095857
-2.15340257 -0.991690099
0.310829937 -1.061445
-0.404412717 -1.32432508
-0.224211738 0.0259953476
2.03471804 -0.85434556
0.19745551 -0.234507605
0.695150256 -0.59935993
-0.000541820424 0.113141388
-0.161860153 -0.967997372
1.49710453 0.840131223
-0.0563509986 0.0417685919
0.0947494134 1.76919091
0.798847616 -0.044175256
0.885325372 1.36234784
0.221701801 -0.596765995
0.737899005 -1.26306701
0.625734568 1.00104153
-0.614582896 0.405705214
0.268484831 -0.68902427
-1.48190618 -1.01724851
-0.412963271 0.97515583
-1.0980885 1.05641556
-0.93853581 -1.48598373
-0.191158995 -1.63812268
0.926627398 -0.0471527949
-1.95627594 0.88381505
2.48329067 -0.510545373
0.951611698 1.15484405
0.363124788 -1.01697958
0.569954813 -0.415202349
-0.912653029 0.465344191
0.576605022 1.23185372
-1.23886549 -0.971688032
1.87955105 -1.49405921
1.73228478 -1.04274893
-1.61559665 1.23271012
-0.639737368 -0.532017291
-0.0214034356 0.0438766927
-0.265462607 -0.175497308
-0.251872897 0.610036671
-1.77939439 1.38731182
1.6563133 0.106477015
-0.166876286 -0.391301095
-0.833517969 1.69683003
0.251518935 -0.924532354
1.4635464 2.20526385
0.700194538 1.56646037
-0.233540565 -0.406969279
0.613120019 -0.302974641
-0.531868279 1.13006711
-1.08002377 -0.850595653
1.46710658 -0.383610874
1.63345373 0.821916521
1.58597159 0.0731509998
-0.211353898 0.35896194
-0.537505448 0.522837102
-2.44470835 0.756682873
-0.990541399 -0.952366292
0.0180001874 0.797765672
0.0842709392 1.60134602
-0.876374304 0.392853439
1.18929994 0.72775799
0.205465153 -0.856423676
1.18452418 1.52280414
-2.10021973 -0.346823096
-1.07424903 1.48555183
0.600071192 0.037616808
-0.302593827 1.38862133
-1.08383489 -0.796308994
-0.615098536 0.164154291
-1.41693449 -0.319037557
-1.16280389 0.128547445
-1.54628944 -0.525252581
-0.623491704 0.0695093051
-0.610875487 1.115991
-1.2426542 1.37929583
0.21226874 0.536169112
-0.563900113 0.730481267
-1.49882615 0.0698240846
0.21017015 0.545585752
-0.0176232923 1.02253759
1.84748363 -1.02725947
-2.12175989 0.837145746
0.916713059 1.25800061
0.759427249 -0.293912679
-0.386417925 0.0439618044
0.168210894 -0.350876927
0.0955414921 -0.438916951
-1.29690766 0.582964599
0.617134273 2.50391412
-0.0538521111 -0.248292267
0.812420428 1.00935531
-0.341161698 0.950719059
-0.206266835 -1.19155121
0.0954569876 -1.00177884
1.60647845 -0.418280661
0.237232924 0.613419056
-0.544389606 -0.223919541
0.708782017 -0.905362546
-0.940440118 1.93789959
-2.40635371 -1.47917008
1.95222688 -1.22849858
0.132587731 -1.00648606
-0.179930568 0.589488328
0.231013924 1.53779519
-1.43049133 -0.375673085
0.37837854 0.713484168
-0.608981788 -2.06358409
-0.583089173 0.574448526
-0.15515326 -0.685701609
0.547742307 1.01017785
-2.39383531 0.16839233
-0.960232973 -0.35431549
-0.691933036 0.534606278
-0.368859231 -0.107576475
0.0687677041 -0.036374487
0.851507306 -0.0983203277
-0.338370889 -0.301409453
0.930694222 -1.35617673
-0.257722497 -0.132811472
1.48036897 0.162383184
-0.339914262 -0.139286399
-1.10723984 0.261927307
0.0840802118 0.0732106864
-0.537553549 -0.432351738
1.31455636 1.07214475
0.304657191 -1.34352827
-1.02799284 0.318047583
-0.661117613 -0.0634023026
1.08297157 0.25859341
-0.281090409 1.08904707
0.39326787 1.51395679
0.52434963 -1.42867875
0.200178534 -0.726141214
0.578765571 0.781677485
-0.410379261 1.24072695
-1.23322976 -0.52006644
-0.722813725 1.06301582
-0.355804831 1.34131205
-0.046570655 0.260013819
0.337122947 -0.357335746
0.124879926 -0.635853529
0.516390264 0.461448252
0.70315975 -0.486252159
0.307503611 -0.0182917845
-0.68002075 -0.22139746
2.09190989 -0.638097227
0.521238446 1.25472355
-0.291110128 -2.46862793
-0.376325876 -1.37244058
0.424705118 -2.43921351
0.380790591 0.33395654
0.313199401 0.508674443
-0.0456023328 0.313086033
-0.297278911 0.190237582
1.70946586 0.759861588
1.04450297 -0.253990203
0.985364676 0.397937328
0.344640642 0.565405071
1.55437052 0.0253121592
-0.111582123 0.279188842
0.700550199 1.41774344
-0.877727568 0.219832867
-0.571043849 -0.525917888
-0.975260019 0.367208987
-1.26283407 0.590188622
0.461037904 -1.02802181
0.356484383 -0.344551563
-0.265794396 3.23883295
0.483824104 -1.75360787
-0.316120416 0.819948614
-1.03354907 -1.17911983
-0.18090333 -0.186249971
-0.298697948 0.291006804
1.07349956 0.378497571
-1.5120697 0.378785908
-0.976165593 0.210248128
-0.329649001 -0.538756311
0.236322641 -0.557435215
0.702210546 -1.33820617
-1.13513899 -0.353154927
0.328799427 -0.334641874
0.401597053 -0.588433146
-0.867153704 -0.218762949
-0.445019126 -0.00694843195
1.4282614 -0.440780193
1.18896115 -1.50694036
0.304532498 -1.35348165
-1.51340187 -0.231853127
0.467013419 -0.125715971
-0.0601889975 -0.505740464
0.860496521 -0.302960396
-0.570872784 0.282768011
0.466752917 0.902333438
0.837998569 1.4428308
-0.60902077 -0.631130755
-0.186028302 0.146318704
1.26980388 -1.28495908
-0.647503197 1.01378393
-0.501743734 -1.02398074
0.331178039 0.205121532
-0.929859757 1.1760956
-2.91050744 0.164471447
-1.10169876 -1.65929818
0.177307725 0.381191611
0.229331091 1.6150111
-0.386092663 1.7895416
-0.775129616 1.39286292
1.40360665 1.46488822
0.830581248 -0.975061655
-1.06830835 -0.481616378
-0.701005042 0.536072195
-0.491319686 -0.210967794
1.2448647 0.527572691
-0.0633416697 -0.935772598
0.307101279 -1.56294417
0.452287495 0.0530571379
0.388421506 1.12491179
-0.0300105941 -1.13996172
0.103069022 -0.881958842
1.26226258 -0.149834186
-1.28554773 1.88904524
-0.693679452 -0.119407706
2.44541001 0.155767083
0.982789814 -0.0440777689
-0.693636119 -1.28515208
-0.0348601639 0.451755822
0.0696836933 -0.410559714
0.431057692 -0.281020314
-1.08376706 -1.82472897
-0.470342308 -0.721828699
0.848816097 0.367657423
0.0790492073 0.891404271
0.574070752 0.429457814
0.553536057 1.05636358
-0.325114697 -1.01366043
0.974855304 -0.627525806
-1.49808109 0.266939163
-0.728575349 0.310014516
-1.13051641 -0.767681599
-0.542456448 0.168369666
-0.349154174 1.26163304
0.0685258955 0.359019279
1.32889628 -0.281037122
0.87041229 -1.08196175
-1.5251677 0.215082303
-0.693513811 -0.519158602
-0.280139506 1.61483705
-0.301415265 0.189935595
0.640151203 -0.296411961
-0.607952058 -0.412588984
0.38824296 -2.33243585
-0.861758769 0.187750921
0.471964717 -0.189267009
-1.2797581 -1.23792219
-1.51453114 0.36206466
1.74834144 -0.0432293229
-0.0372258835 2.48351264
-1.79192245 0.52662015
-0.11308635 -0.879731596
0.772973955 0.778378844
-0.920665741 -0.0467074439
1.46208465 0.487636447
-0.722832382 -1.0324713
-1.1434027 -0.201876536
0.564053237 -0.482836187
1.16383421 -1.65506077
0.189655989 1.58419275
1.98205483 2.67778277
-0.540297687 -1.47492671
-0.66766423 1.74093747
-2.14720535 -0.149943307
-0.627859712 -0.761902153
-2.06241894 -0.428700268
-0.308323741 0.852626503
0.125470862 1.557482
1.35931408 -0.126706019
0.940745831 -0.148207948
-0.906857312 1.20529258
-1.71369064 0.38430354
-0.694853842 0.255642921
-0.95641017 -0.959630251
-1.01688755 -0.383078277
-1.01184666 -0.930714965
0.786653519 -0.459153444
1.40866423 0.366644353
0.0014081077 0.0353306159
1.25777161 -0.954190075
0.949543417 0.739029288
1.46256006 0.74156177
0.115690358 0.120441303
0.207663447 -0.541867256
1.39156079 -0.268536776
1.00585318 0.362307012
-0.471602201 -0.815465271
-0.815460026 0.1923756
-1.70294535 -1.48223341
-2.55367303 -0.129526913
1.43984485 -0.860734224
0.652366757 0.204837039
-0.605869114 1.04375207
-1.60349965 -0.431392342
-1.52027702 -0.986896634
-0.0129558435 -0.229538187
3.00494027 -0.0973608196
-0.264855504 -1.09357095
-1.11984348 -0.325832784
0.483871818 -0.329298913
-0.818835914 1.3158108
-1.52196848 0.855054259
0.49455899 0.0876987502
0.272137314 -0.834436417
0.0718487203 0.504191279
-0.83182478 0.424149632
0.974189639 1.06037843
0.421175063 -1.7866385
0.0433248878 0.244623691
0.130446851 0.607541502
0.427504927 -1.60012853
-1.28848243 -0.349283338
-2.19231558 -0.200637713
-1.25028968 0.0386431031
0.346929371 -0.330265462
-1.38977182 0.241887942
0.42817533 -0.73580575
0.00525551895 -0.0441385284
0.0738111809 -1.80034125
-0.878704488 0.320454895
0.235400736 1.09701359
0.992647231 1.27609694
1.10532665 -0.0454885513
0.469290227 -1.03301609
0.54123956 0.212155014
-2.05325174 -0.664600074
0.363625199 -0.412048757
-1.24385178 2.11156726
0.09617199 -0.49543488
0.35290724 0.768299878
0.155924365 -1.15708756
-0.596658349 0.451904267
-0.159990951 -2.06800818
0.90279156 0.399559021
-0.183129117 0.121736884
-1.5511483 0.0170150027
1.23336256 -1.62223721
1.0141691 -0.206551552
-0.486156315 -1.3144486
0.173794568 -0.166989833
1.6943928 0.87098974
0.997518301 -0.424706966
-0.331191093 1.90747082
1.3020035 -0.337073773
-0.735595882 1.14546466
0.721399605 0.867476761
0.112307556 -0.609517932
-0.877743304 -0.0558007061
-0.576309264 -0.466592789
0.177551642 0.8220281
0.510738015 1.10195327
0.0214681514 0.819415748
0.723213613 0.982971847
-0.889956892 1.22293234
-1.70236933 0.237394586
0.399527967 -1.03819871
0.456828237 -1.61860108
-0.112087004 -0.838025868
0.698133111 -0.031200299
1.4839412 -1.17756331
0.273685753 1.06539214
0.7876876 0.127070531
0.971685171 2.20061994
-0.704056203 0.937061965
0.532241046 0.0491797253
-1.25712228 -0.103749119
1.47944999 1.59342825
-0.65491569 -0.403970629
0.427252412 -1.03436577
-1.3170017 0.100092098
0.0379173867 -1.31969047
-1.14821827 -1.04264975
1.32553518 -0.77478224
-2.36939549 1.11630595
2.39410615 0.902142942
-1.90926349 1.33296704
-0.929908812 -2.21011519
-0.0470654815 0.322366208
-0.128218472 -1.33780813
-0.170362294 -1.29751217
-0.857232571 0.794751942
-0.344703823 -0.481692314
1.49364042 0.999058485
-1.04028261 0.380016834
-0.889253139 -0.31726113
-0.126755327 0.581076086
0.149699122 0.842262685
0.85254097 0.51981765
0.24524422 0.565686584
-0.57695061 0.141904294
-0.710244596 -0.0491234548
1.2974999 -2.04055071
-1.64592779 0.0927128866
-1.22790837 0.760409892
0.724815667 0.171900481
0.633869767 1.7867502
0.00171787036 1.51291287
0.786159992 0.30904752
0.042886246 -0.201097682
-0.89264667 -1.389148
-0.568999588 -0.716457903
0.769153357 -1.53777981
0.0544282869 0.64210701
-1.05572522 0.328378856
-0.254645497 -0.364271164
0.936633468 -1.00985456
-0.634937167 -0.252230525
-0.855679214 0.398839086
0.583516002 -1.89726126
-0.417270124 -0.589368284
0.265151232 -2.41442275
-0.582994699 0.419518083
-0.0230322089 -0.598528504
2.05250239 0.390483141
0.155638516 -1.64626265
0.157055333 1.71817553
-1.17194951 1.0550046
-0.167647094 -0.754027843
-0.229000196 -0.231530458
0.850044608 -1.68928146
-1.29090488 0.299033254
0.705298364 -0.616651118
-0.764630198 0.546874166
-1.12572002 0.594273865
-0.717651963 1.00052071
0.0850052238 -0.0945772529
-0.669213593 -1.6736418
1.42343962 1.35848391
0.715509832 0.72432059
0.343610525 0.922388196
-0.32536298 1.12809658
0.386610657 0.894764662
0.36607945 -0.277674079
0.0225257296 -0.960808396
0.427709758 0.830144405
-0.226543322 0.384939522
0.170361862 1.15562093
-0.0779750124 0.305426687
0.72950089 1.54827249
-0.199654788 -1.61228073
-0.904033959 2.44212937
1.51938009 0.237790406
0.559274673 -0.832794487
1.16167736 -1.27848196
0.250319093 0.434683859
0.700414538 -0.234669417
0.416227609 -1.68157518
-0.022232065 -1.28384161
-0.573343575 -0.603760302
0.166212857 -0.249271035
0.411740452 -0.430170387
-1.05204368 -1.55671215
-0.755677819 -0.758006454
0.837030292 1.15065134
-1.12729239 0.369360268
-0.723969519 -1.72244215
2.88677931 -0.16723752
-0.929246187 0.414931893
-0.919519961 -0.516709089
-1.17449653 -0.430505544
-0.505027652 1.13804555
0.0739559829 -0.515858471
0.674034119 -1.56097329
0.661576629 0.551165521
-0.072961472 -1.18600214
-0.274585098 0.0938959196
0.518281579 1.800735
1.43578851 -0.164473563
-1.38936925 -0.153147444
-0.466382682 -0.206821784
1.51921582 1.18559372
-0.689061403 1.05825531
0.190192714 -0.129780233
0.300780326 1.33910143
-0.0585377924 -1.60645628
-0.0559364818 0.253423989
-1.21113551 0.00424250448
0.536325932 -0.103800736
1.54539728 -0.858265281
-0.258438349 0.0838669315
-0.393740833 -0.290084541
-1.27823186 -0.297102898
-2.10065699 -0.0982551873
0.236807868 -0.269985676
-0.417552084 0.839211702
0.514327705 0.120107882
-0.332054198 -0.974165738
0.757800579 -0.443332642
-0.021293994 -0.539170444
1.21124828 -0.746097088
0.888529241 0.100079574
0.200477958 -0.319699705
0.0451142564 0.0691837072
